0.0 0.723618 0.464286 0.030151 0.098214
0.0 0.982412 0.395089 0.035176 0.093750
0.0 0.947236 0.281250 0.025126 0.089286
0.0 0.766332 0.392857 0.025126 0.089286
0.0 0.644472 0.691964 0.027638 0.133929
0.0 0.268844 0.790179 0.035176 0.125000
0.0 0.453518 0.479911 0.037688 0.111607
0.0 0.673367 0.660714 0.035176 0.107143
0.0 0.576633 0.397321 0.027638 0.107143
0.0 0.668342 0.198661 0.030151 0.075893
0.0 0.625628 0.229911 0.030151 0.075893
0.0 0.488693 0.332589 0.027638 0.084821
0.0 0.311558 0.178571 0.025126 0.071429
0.0 0.211055 0.363839 0.025126 0.102679
0.0 0.222362 0.470982 0.022613 0.111607
0.0 0.033920 0.247768 0.022613 0.102679
0.0 0.752513 0.410714 0.027638 0.080357
1.0 0.619347 0.491071 0.027638 0.107143
2.0 0.409548 0.421875 0.020100 0.031250
