0.0 0.888642 0.233477 0.044945 0.112567
0.0 0.831379 0.138714 0.039530 0.102946
0.0 0.481686 0.209268 0.040139 0.116295
0.0 0.549001 0.358569 0.045351 0.121466
0.0 0.703292 0.535646 0.041358 0.142993
0.0 0.665694 0.567938 0.032220 0.106313
0.0 0.626843 0.600411 0.053067 0.126999
0.0 0.430153 0.709380 0.053067 0.126999
0.0 0.250714 0.367967 0.037635 0.115934
0.0 0.155852 0.305497 0.039733 0.107396
0.0 0.042858 0.646506 0.051578 0.148886
1.0 0.740550 0.357836 0.035740 0.128922
2.0 0.433468 0.643957 0.021660 0.038485
