0.0 0.044826 0.424682 0.040900 0.139030
0.0 0.454467 0.935461 0.045880 0.129078
0.0 0.805025 0.696026 0.045993 0.152502
0.0 0.697149 0.481223 0.043367 0.130142
0.0 0.861683 0.224119 0.033182 0.103196
0.0 0.713030 0.143902 0.028044 0.080796
0.0 0.541514 0.262720 0.035672 0.098772
0.0 0.488323 0.178745 0.030556 0.080836
0.0 0.526008 0.425921 0.033272 0.121053
0.0 0.449287 0.409289 0.035875 0.138949
0.0 0.989376 0.382799 0.020710 0.120852
1.0 0.928499 0.517706 0.038388 0.138990
2.0 0.468438 0.221475 0.020258 0.031570
