0.0 0.625628 0.714286 0.045226 0.151786
0.0 0.407035 0.689732 0.050251 0.147321
0.0 0.136935 0.571429 0.032663 0.133929
0.0 0.071608 0.395089 0.032663 0.120536
0.0 0.170854 0.441964 0.045226 0.116071
0.0 0.247487 0.450893 0.032663 0.107143
0.0 0.334171 0.388393 0.030151 0.107143
0.0 0.375628 0.453125 0.037688 0.111607
0.0 0.472362 0.377232 0.030151 0.120536
0.0 0.601759 0.444196 0.027638 0.138393
0.0 0.633166 0.441964 0.035176 0.125000
0.0 0.734925 0.410714 0.037688 0.107143
0.0 0.713568 0.497768 0.035176 0.138393
1.0 0.236181 0.555804 0.035176 0.138393
