0.0 0.375901 0.717080 0.046299 0.152786
0.0 0.594302 0.687637 0.051292 0.148434
0.0 0.863543 0.563298 0.033610 0.134649
0.0 0.927614 0.385510 0.033515 0.121257
0.0 0.828708 0.434603 0.046045 0.117074
0.0 0.752144 0.445246 0.033420 0.107865
0.0 0.665025 0.384691 0.030908 0.107809
0.0 0.624030 0.450345 0.038477 0.112442
0.0 0.526766 0.376623 0.031003 0.121201
0.0 0.397854 0.446478 0.028617 0.139000
0.0 0.366433 0.444949 0.036059 0.125777
0.0 0.264461 0.415979 0.038445 0.107978
0.0 0.286433 0.502548 0.036154 0.139169
1.0 0.764194 0.549895 0.036154 0.139169
