0.0 0.692740 0.726262 0.053055 0.125387
0.0 0.681059 0.565632 0.050521 0.116440
0.0 0.712094 0.944871 0.045476 0.107475
0.0 0.533930 0.504215 0.032913 0.107382
0.0 0.558805 0.396888 0.047967 0.098565
0.0 0.490764 0.310334 0.032902 0.102918
0.0 0.386186 0.179406 0.035384 0.089544
0.0 0.437046 0.440195 0.030369 0.093971
0.0 0.266287 0.481631 0.040440 0.102974
0.0 0.162292 0.600701 0.042963 0.107456
0.0 0.068738 0.887107 0.055651 0.161120
0.0 0.117984 0.455937 0.035415 0.102937
0.0 0.083638 0.273152 0.027836 0.085024
1.0 0.324174 0.523616 0.040471 0.116366
