0.0 0.275885 0.476056 0.031773 0.099756
0.0 0.017207 0.420493 0.034413 0.095558
0.0 0.049317 0.304855 0.026601 0.090567
0.0 0.232001 0.406904 0.026601 0.090567
0.0 0.358787 0.699474 0.029856 0.135323
0.0 0.735886 0.777901 0.037242 0.126794
0.0 0.546128 0.477476 0.039530 0.113539
0.0 0.329385 0.669757 0.036944 0.108945
0.0 0.421691 0.401395 0.029410 0.108549
0.0 0.326715 0.207641 0.031401 0.077445
0.0 0.369930 0.236633 0.031401 0.077444
0.0 0.508514 0.332068 0.029038 0.086237
0.0 0.683008 0.168807 0.026304 0.072718
0.0 0.786551 0.348711 0.026824 0.103954
0.0 0.777034 0.456401 0.024461 0.112747
0.0 0.961677 0.223379 0.024313 0.103822
0.0 0.246111 0.424027 0.028964 0.081775
1.0 0.380557 0.497349 0.029410 0.108549
2.0 0.589112 0.417155 0.020612 0.032293
