0.0 0.810315 0.399440 0.039205 0.122553
0.0 0.826053 0.626780 0.047746 0.137728
0.0 0.707979 0.720437 0.052034 0.160458
0.0 0.607905 0.764596 0.050232 0.138368
0.0 0.578601 0.594662 0.045980 0.145924
0.0 0.522700 0.377283 0.044539 0.128251
0.0 0.391142 0.293800 0.047025 0.128891
0.0 0.228397 0.297018 0.047025 0.128891
0.0 0.234113 0.429305 0.049512 0.129531
0.0 0.390572 0.487621 0.042773 0.136447
0.0 0.372793 0.658970 0.056647 0.157320
0.0 0.137071 0.623104 0.056286 0.152902
1.0 0.924832 0.629651 0.048466 0.146564
2.0 0.403127 0.380336 0.022775 0.040466
