0.0 0.636256 0.692697 0.052942 0.158574
0.0 0.417322 0.704212 0.057713 0.154956
0.0 0.142217 0.630853 0.039502 0.138727
0.0 0.067981 0.466019 0.038804 0.125392
0.0 0.169244 0.496365 0.051081 0.123013
0.0 0.246013 0.492647 0.038107 0.112056
0.0 0.329067 0.416154 0.035605 0.111643
0.0 0.373720 0.473788 0.043343 0.117328
0.0 0.466083 0.382307 0.036303 0.124978
0.0 0.598414 0.427695 0.034732 0.142345
0.0 0.629569 0.420305 0.041539 0.130250
0.0 0.729262 0.372448 0.043110 0.112883
0.0 0.712534 0.462641 0.042237 0.143585
1.0 0.240222 0.598967 0.042237 0.143585
