0.0 0.917085 0.680804 0.040201 0.165179
0.0 0.657035 0.366071 0.037688 0.133929
0.0 0.566583 0.305804 0.032663 0.120536
0.0 0.543970 0.341518 0.022613 0.120536
0.0 0.484925 0.488839 0.035176 0.138393
0.0 0.567839 0.602679 0.035176 0.125000
0.0 0.597990 0.680804 0.055276 0.084821
0.0 0.483668 0.656250 0.052764 0.142857
0.0 0.291457 0.718750 0.045226 0.169643
0.0 0.037688 0.578125 0.035176 0.138393
0.0 0.010050 0.531250 0.020100 0.116071
1.0 0.238693 0.640625 0.055276 0.138393
2.0 0.540201 0.658482 0.020100 0.031250
