0.0 0.296347 0.689904 0.062794 0.164280
0.0 0.215487 0.464345 0.038722 0.129618
0.0 0.254687 0.360692 0.050574 0.118240
0.0 0.324582 0.400784 0.037839 0.111831
0.0 0.345010 0.370375 0.035557 0.115885
0.0 0.415530 0.448659 0.043507 0.125956
0.0 0.573466 0.493595 0.042109 0.147799
0.0 0.658120 0.515834 0.041225 0.130011
0.0 0.607176 0.754335 0.055065 0.158656
0.0 0.821613 0.626625 0.046231 0.130796
0.0 0.931186 0.578825 0.044391 0.143744
0.0 0.841232 0.510938 0.043065 0.117062
0.0 0.856177 0.463983 0.033054 0.115492
0.0 0.616015 0.424080 0.042844 0.112616
1.0 0.727057 0.600592 0.051457 0.136028
2.0 0.364114 0.290461 0.021790 0.038716
