0.0 0.060188 0.341304 0.058442 0.176277
0.0 0.089714 0.466475 0.063916 0.182711
0.0 0.343926 0.288431 0.043957 0.137371
0.0 0.395215 0.243829 0.045810 0.134078
0.0 0.471815 0.269779 0.044043 0.121059
0.0 0.495282 0.468127 0.050021 0.148144
0.0 0.394519 0.620107 0.058023 0.139314
0.0 0.450565 0.549989 0.042779 0.128691
0.0 0.465685 0.590914 0.048253 0.135125
0.0 0.659318 0.754291 0.059706 0.168645
0.0 0.799668 0.662910 0.048842 0.139465
0.0 0.844897 0.691484 0.061140 0.128388
1.0 0.559006 0.674549 0.079245 0.177021
2.0 0.710987 0.725925 0.032171 0.050576
