0.0 0.693467 0.720982 0.055276 0.156250
0.0 0.785176 0.508929 0.032663 0.125000
0.0 0.751256 0.399554 0.045226 0.111607
0.0 0.679648 0.428571 0.032663 0.107143
0.0 0.660804 0.395089 0.030151 0.111607
0.0 0.586683 0.462054 0.037688 0.120536
0.0 0.427136 0.482143 0.035176 0.142857
0.0 0.341709 0.491071 0.035176 0.125000
0.0 0.380653 0.736607 0.047739 0.151786
0.0 0.173367 0.575893 0.040201 0.125000
0.0 0.066583 0.511161 0.037688 0.138393
0.0 0.159548 0.457589 0.037688 0.111607
0.0 0.146985 0.408482 0.027638 0.111607
0.0 0.388191 0.406250 0.037688 0.107143
1.0 0.268844 0.564732 0.045226 0.129464
2.0 0.645729 0.312500 0.020100 0.035714
