0.0 0.235799 0.110754 0.032728 0.099368
0.0 0.086422 0.179005 0.035963 0.108864
0.0 0.032953 0.254948 0.039198 0.118359
0.0 0.086570 0.341584 0.044167 0.119693
0.0 0.144830 0.657473 0.054999 0.161422
0.0 0.267425 0.500762 0.042809 0.132269
0.0 0.421307 0.379541 0.039574 0.122773
0.0 0.453692 0.446931 0.039574 0.122773
0.0 0.439469 0.644029 0.045669 0.137350
0.0 0.376746 0.918403 0.046276 0.115946
0.0 0.690252 0.429180 0.041307 0.114612
0.0 0.702607 0.642444 0.058841 0.149513
0.0 0.784243 0.623729 0.044918 0.128521
1.0 0.055361 0.484455 0.043560 0.141097
2.0 0.661726 0.450868 0.017534 0.034902
