0.0 0.936279 0.274531 0.049578 0.152134
0.0 0.740329 0.273092 0.046810 0.130362
0.0 0.722510 0.426702 0.052582 0.157473
0.0 0.745406 0.566258 0.052029 0.153118
0.0 0.637697 0.742219 0.050685 0.160843
0.0 0.542380 0.569947 0.061832 0.157053
0.0 0.434691 0.411795 0.044913 0.133732
0.0 0.293884 0.388222 0.044595 0.112943
0.0 0.079602 0.556618 0.052582 0.157473
0.0 0.130935 0.931734 0.061596 0.136531
0.0 0.424628 0.697308 0.052582 0.157473
0.0 0.389356 0.500934 0.055269 0.142022
0.0 0.358721 0.513231 0.045702 0.121653
1.0 0.831929 0.426261 0.049578 0.152134
2.0 0.364485 0.396497 0.019924 0.028659
