0.0 0.316828 0.175126 0.037060 0.089962
0.0 0.454707 0.122318 0.029557 0.088687
0.0 0.849214 0.272329 0.033254 0.111332
0.0 0.534635 0.348923 0.032776 0.102444
0.0 0.491909 0.462748 0.041236 0.121495
0.0 0.204092 0.440743 0.038735 0.121070
0.0 0.218806 0.683172 0.044455 0.135252
0.0 0.150394 0.359862 0.037778 0.103294
0.0 0.136170 0.319325 0.030514 0.106463
0.0 0.535386 0.452198 0.035755 0.111757
0.0 0.613356 0.386967 0.032058 0.089112
1.0 0.118336 0.439623 0.038735 0.121070
2.0 0.623350 0.435754 0.018943 0.029639
