0.0 0.188419 0.088457 0.040081 0.093222
0.0 0.046932 0.157365 0.037193 0.113768
0.0 0.055158 0.354428 0.051240 0.135058
0.0 0.140812 0.662725 0.059921 0.176159
0.0 0.216845 0.504241 0.051654 0.139461
0.0 0.412663 0.358670 0.043391 0.128449
0.0 0.434125 0.455560 0.048348 0.129919
0.0 0.411163 0.659211 0.053723 0.161478
0.0 0.390051 0.910934 0.051240 0.135058
0.0 0.711254 0.650943 0.060744 0.159281
0.0 0.781061 0.653551 0.053309 0.157075
0.0 0.685684 0.435154 0.047520 0.121113
1.0 0.018486 0.474035 0.036973 0.140923
2.0 0.670807 0.471475 0.022723 0.036706
