0.0 0.919355 0.357104 0.040362 0.093967
0.0 0.879322 0.455535 0.035367 0.111797
0.0 0.809074 0.516184 0.040400 0.116289
0.0 0.828907 0.359826 0.040385 0.107360
0.0 0.763642 0.395894 0.035344 0.098404
0.0 0.654323 0.383093 0.032893 0.134105
0.0 0.563936 0.421528 0.037910 0.129668
0.0 0.487104 0.305872 0.035352 0.102869
0.0 0.491405 0.616118 0.047983 0.143115
0.0 0.617853 0.360968 0.025248 0.071564
0.0 0.227132 0.351923 0.037864 0.102882
0.0 0.221061 0.474724 0.045440 0.125244
0.0 0.267440 0.414205 0.037895 0.120739
0.0 0.298847 0.414035 0.040438 0.138610
0.0 0.339541 0.701763 0.050542 0.169914
1.0 0.645732 0.501443 0.040438 0.138610
2.0 0.690387 0.168611 0.015121 0.026867
