0.0 0.046482 0.450893 0.032663 0.142857
0.0 0.237437 0.372768 0.032663 0.120536
0.0 0.273869 0.515625 0.035176 0.147321
0.0 0.268844 0.660714 0.035176 0.142857
0.0 0.395729 0.790179 0.032663 0.151786
0.0 0.467337 0.584821 0.045226 0.142857
0.0 0.552764 0.388393 0.030151 0.125000
0.0 0.687186 0.310268 0.032663 0.102679
0.0 0.917085 0.390625 0.035176 0.147321
0.0 0.915829 0.794643 0.042714 0.160714
0.0 0.597990 0.662946 0.035176 0.147321
0.0 0.608040 0.457589 0.040201 0.129464
0.0 0.639447 0.457589 0.032663 0.111607
1.0 0.167085 0.558036 0.032663 0.142857
2.0 0.619347 0.345982 0.017588 0.022321
