0.0 0.790233 0.280484 0.035161 0.119901
0.0 0.833762 0.496085 0.043264 0.134299
0.0 0.730195 0.633644 0.046750 0.156901
0.0 0.638051 0.715878 0.045769 0.134647
0.0 0.588404 0.561582 0.041151 0.142851
0.0 0.506932 0.371413 0.040367 0.125049
0.0 0.368257 0.341458 0.042872 0.125397
0.0 0.209906 0.408278 0.042872 0.125397
0.0 0.231879 0.535081 0.045376 0.125746
0.0 0.391724 0.530744 0.038254 0.133601
0.0 0.395620 0.704842 0.051563 0.153147
0.0 0.161239 0.762094 0.051367 0.148697
1.0 0.930471 0.460234 0.043656 0.143200
2.0 0.390674 0.421180 0.021609 0.038394
