0.0 0.987437 0.787946 0.025126 0.165179
0.0 0.961055 0.446429 0.047739 0.125000
0.0 0.874372 0.303571 0.045226 0.107143
0.0 0.760050 0.328125 0.032663 0.093750
0.0 0.734925 0.401786 0.032663 0.116071
0.0 0.692211 0.375000 0.027638 0.107143
0.0 0.673367 0.397321 0.025126 0.107143
0.0 0.554020 0.328125 0.032663 0.102679
0.0 0.505025 0.488839 0.030151 0.129464
0.0 0.489950 0.375000 0.020100 0.053571
0.0 0.363065 0.321429 0.027638 0.125000
0.0 0.363065 0.227679 0.032663 0.098214
0.0 0.219849 0.281250 0.027638 0.107143
0.0 0.207286 0.354911 0.017588 0.111607
0.0 0.197236 0.386161 0.022613 0.111607
0.0 0.169598 0.437500 0.032663 0.133929
0.0 0.304020 0.642857 0.035176 0.133929
1.0 0.484925 0.437500 0.030151 0.107143
2.0 0.650754 0.292411 0.020100 0.031250
