0.0 0.275541 0.727878 0.076491 0.196490
0.0 0.038657 0.255473 0.048775 0.131302
0.0 0.480474 0.553218 0.061043 0.153099
0.0 0.678485 0.610686 0.050570 0.128114
0.0 0.650034 0.530543 0.052364 0.124925
0.0 0.886936 0.606097 0.057976 0.147650
0.0 0.497674 0.383552 0.054273 0.137882
0.0 0.400740 0.389238 0.048139 0.126983
0.0 0.431523 0.338947 0.048139 0.126983
0.0 0.381807 0.297370 0.041891 0.099940
0.0 0.378503 0.240458 0.035644 0.072897
0.0 0.331000 0.333734 0.044322 0.101071
0.0 0.293291 0.272360 0.048775 0.131302
0.0 0.321700 0.211736 0.043800 0.112897
1.0 0.196196 0.402566 0.065904 0.155359
2.0 0.322108 0.244228 0.019037 0.037014
