0.0 0.840884 0.585219 0.051441 0.147550
0.0 0.900535 0.809029 0.052196 0.156377
0.0 0.642994 0.863704 0.050089 0.160120
0.0 0.807222 0.458733 0.043234 0.136711
0.0 0.649138 0.449937 0.045341 0.132968
0.0 0.582397 0.294204 0.036757 0.117716
0.0 0.491730 0.448098 0.044587 0.124140
0.0 0.380985 0.494975 0.045341 0.132968
0.0 0.406029 0.424970 0.035625 0.104475
0.0 0.515736 0.301050 0.040593 0.105815
0.0 0.350592 0.211328 0.041348 0.114643
0.0 0.119982 0.173930 0.040216 0.101402
0.0 0.045161 0.142450 0.039618 0.122800
0.0 0.104481 0.325531 0.046316 0.115983
0.0 0.164178 0.325837 0.045718 0.137381
0.0 0.018919 0.689214 0.037838 0.177383
0.0 0.477578 0.256886 0.033518 0.108218
1.0 0.269736 0.428829 0.056032 0.144477
2.0 0.486981 0.295547 0.016791 0.026090
