0.0 0.724904 0.809356 0.038914 0.152734
0.0 0.900196 0.729010 0.036402 0.152670
0.0 0.898544 0.467780 0.033709 0.130286
0.0 0.781749 0.306293 0.033600 0.116895
0.0 0.728403 0.532631 0.031233 0.134686
0.0 0.514350 0.589662 0.026063 0.116702
0.0 0.491740 0.589084 0.026136 0.125630
0.0 0.477444 0.492726 0.030980 0.103439
0.0 0.517984 0.451348 0.020894 0.098718
0.0 0.624703 0.460775 0.028540 0.112302
0.0 0.566061 0.410162 0.025883 0.094383
0.0 0.538281 0.427311 0.020930 0.103182
0.0 0.613994 0.386832 0.030871 0.090048
0.0 0.583864 0.383829 0.020930 0.103182
0.0 0.538806 0.362585 0.020532 0.054080
0.0 0.638024 0.367356 0.023370 0.094319
0.0 0.678474 0.337137 0.028467 0.103375
0.0 0.085190 0.368841 0.043577 0.108224
1.0 0.663905 0.584558 0.033745 0.134750
2.0 0.745201 0.785319 0.017839 0.031697
