0.0 0.912087 0.332200 0.048671 0.107395
0.0 0.519833 0.491135 0.033624 0.105759
0.0 0.510593 0.588301 0.024053 0.118036
0.0 0.492884 0.585754 0.024053 0.118036
0.0 0.374402 0.471165 0.026407 0.113853
0.0 0.214490 0.323064 0.033624 0.105759
0.0 0.278974 0.550866 0.031883 0.127766
0.0 0.104852 0.757648 0.037820 0.155047
0.0 0.100891 0.496429 0.031423 0.114398
0.0 0.316110 0.350033 0.033471 0.101303
0.0 0.359971 0.381045 0.028455 0.100758
0.0 0.385740 0.398370 0.033624 0.105759
0.0 0.416782 0.386050 0.031116 0.105486
0.0 0.431573 0.413514 0.028762 0.109669
0.0 0.456088 0.430976 0.030809 0.096574
0.0 0.479426 0.450802 0.036132 0.106032
0.0 0.282219 0.827817 0.045343 0.155865
1.0 0.318894 0.613616 0.037206 0.137223
2.0 0.265074 0.805081 0.023645 0.033646
