0.0 0.272613 0.803571 0.037688 0.151786
0.0 0.097990 0.718750 0.035176 0.151786
0.0 0.101759 0.457589 0.032663 0.129464
0.0 0.219849 0.299107 0.032663 0.116071
0.0 0.271357 0.526786 0.030151 0.133929
0.0 0.484925 0.589286 0.025126 0.116071
0.0 0.507538 0.589286 0.025126 0.125000
0.0 0.522613 0.493304 0.030151 0.102679
0.0 0.482412 0.450893 0.020100 0.098214
0.0 0.375628 0.457589 0.027638 0.111607
0.0 0.434673 0.408482 0.025126 0.093750
0.0 0.462312 0.426339 0.020100 0.102679
0.0 0.386935 0.383929 0.030151 0.089286
0.0 0.417085 0.381696 0.020100 0.102679
0.0 0.462312 0.361607 0.020100 0.053571
0.0 0.363065 0.363839 0.022613 0.093750
0.0 0.322864 0.332589 0.027638 0.102679
0.0 0.915829 0.379464 0.042714 0.107143
1.0 0.335427 0.580357 0.032663 0.133929
2.0 0.252513 0.779018 0.017588 0.031250
