0.0 0.082581 0.380861 0.045508 0.103071
0.0 0.479881 0.493478 0.030433 0.102940
0.0 0.492708 0.589350 0.020420 0.116245
0.0 0.510284 0.584733 0.020420 0.116245
0.0 0.624254 0.456508 0.022920 0.111802
0.0 0.778319 0.289988 0.030433 0.102940
0.0 0.722433 0.524852 0.027982 0.125239
0.0 0.903852 0.710776 0.033081 0.152068
0.0 0.898107 0.449662 0.027945 0.111846
0.0 0.677923 0.328808 0.030421 0.098475
0.0 0.635308 0.364893 0.025396 0.098432
0.0 0.610238 0.385201 0.030433 0.102940
0.0 0.578807 0.376545 0.027921 0.102918
0.0 0.565068 0.405683 0.025420 0.107360
0.0 0.541254 0.425980 0.027896 0.093989
0.0 0.518703 0.448497 0.032946 0.102961
0.0 0.729477 0.801579 0.040619 0.152133
1.0 0.684929 0.592143 0.033032 0.134211
2.0 0.745740 0.776884 0.022699 0.031446
