0.0 0.090669 0.601834 0.052334 0.142812
0.0 0.253793 0.277038 0.040707 0.118319
0.0 0.429469 0.320843 0.047020 0.137203
0.0 0.265855 0.672781 0.056649 0.135146
0.0 0.278667 0.775580 0.061296 0.131906
0.0 0.363451 0.554989 0.056649 0.135146
0.0 0.492886 0.287748 0.050668 0.120688
0.0 0.633855 0.308277 0.035726 0.117135
0.0 0.750203 0.456271 0.059472 0.140163
0.0 0.754063 0.608492 0.055825 0.156679
0.0 0.903739 0.593171 0.072257 0.147549
0.0 0.902457 0.458353 0.059139 0.135739
2.0 0.374126 0.124562 0.025079 0.040728
