0.0 0.928545 0.545802 0.056129 0.175266
0.0 0.641083 0.318478 0.050522 0.143721
0.0 0.546033 0.287825 0.044233 0.128951
0.0 0.527365 0.330130 0.034344 0.125767
0.0 0.484046 0.493793 0.048497 0.147318
0.0 0.577054 0.579547 0.047154 0.134139
0.0 0.614560 0.646871 0.062901 0.100971
0.0 0.499606 0.658920 0.066251 0.157281
0.0 0.316744 0.781299 0.061522 0.181250
0.0 0.052931 0.723304 0.048497 0.147318
0.0 0.021033 0.685933 0.031424 0.120579
1.0 0.256988 0.721137 0.068276 0.153684
2.0 0.555457 0.643211 0.022914 0.037116
