0.0 0.970795 0.812124 0.058410 0.192350
0.0 0.941083 0.358136 0.048357 0.141059
0.0 0.965799 0.169023 0.033631 0.103078
0.0 0.833209 0.231401 0.034191 0.111951
0.0 0.781563 0.394438 0.047796 0.132187
0.0 0.320591 0.901899 0.049758 0.163242
0.0 0.049845 0.778442 0.059465 0.160797
0.0 0.176513 0.562260 0.056128 0.146990
0.0 0.263548 0.419120 0.045580 0.136125
0.0 0.456369 0.389654 0.035032 0.125261
0.0 0.487631 0.464282 0.038650 0.143504
0.0 0.550944 0.545995 0.041962 0.117882
0.0 0.533275 0.466411 0.030573 0.093708
0.0 0.497938 0.307242 0.035007 0.085831
0.0 0.482931 0.269803 0.029452 0.075962
0.0 0.561583 0.254119 0.033070 0.094206
0.0 0.713358 0.255300 0.044179 0.113943
1.0 0.693101 0.474971 0.052790 0.133182
2.0 0.567290 0.284428 0.016663 0.029606
