0.0 0.942211 0.508929 0.035176 0.142857
0.0 0.741206 0.178571 0.025126 0.089286
0.0 0.329146 0.104911 0.025126 0.093750
0.0 0.214824 0.185268 0.027638 0.084821
0.0 0.359296 0.419643 0.030151 0.107143
0.0 0.177136 0.736607 0.037688 0.125000
0.0 0.135678 0.491071 0.035176 0.107143
0.0 0.080402 0.410714 0.035176 0.107143
0.0 0.013819 0.361607 0.027638 0.098214
0.0 0.461055 0.424107 0.037688 0.089286
0.0 0.469849 0.332589 0.030151 0.102679
0.0 0.503769 0.352679 0.027638 0.089286
1.0 0.028894 0.484375 0.032663 0.120536
2.0 0.683417 0.464286 0.025126 0.035714
