0.0 0.899497 0.290179 0.040201 0.107143
0.0 0.846734 0.187500 0.035176 0.098214
0.0 0.494975 0.207589 0.035176 0.111607
0.0 0.555276 0.366071 0.040201 0.116071
0.0 0.701005 0.564732 0.035176 0.138393
0.0 0.662060 0.591518 0.027638 0.102679
0.0 0.621859 0.618304 0.047739 0.120536
0.0 0.420854 0.698661 0.047739 0.120536
0.0 0.257538 0.332589 0.032663 0.111607
0.0 0.165829 0.256696 0.035176 0.102679
0.0 0.037688 0.580357 0.045226 0.142857
1.0 0.746231 0.392857 0.030151 0.125000
2.0 0.427136 0.633929 0.020100 0.035714
