0.0 0.089196 0.388393 0.047739 0.125000
0.0 0.022613 0.937500 0.045226 0.125000
0.0 0.319095 0.578125 0.050251 0.129464
0.0 0.263819 0.500000 0.025126 0.133929
0.0 0.282663 0.455357 0.027638 0.080357
0.0 0.349246 0.417411 0.030151 0.129464
0.0 0.530151 0.390625 0.030151 0.066964
0.0 0.528894 0.484375 0.027638 0.129464
0.0 0.554020 0.497768 0.027638 0.102679
0.0 0.487437 0.725446 0.040201 0.156250
0.0 0.755025 0.529018 0.037688 0.129464
0.0 0.910804 0.707589 0.047739 0.138393
0.0 0.947236 0.520089 0.050251 0.138393
0.0 0.841709 0.457589 0.045226 0.111607
0.0 0.868090 0.383929 0.032663 0.116071
0.0 0.812814 0.368304 0.042714 0.102679
1.0 0.462312 0.555804 0.035176 0.129464
2.0 0.673367 0.339286 0.025126 0.035714
