0.0 0.205850 0.386138 0.039290 0.135328
0.0 0.163259 0.501620 0.046987 0.149004
0.0 0.066370 0.699539 0.044529 0.153372
0.0 0.380783 0.408522 0.036724 0.130770
0.0 0.329308 0.830215 0.049606 0.158026
0.0 0.444296 0.256523 0.031432 0.108263
0.0 0.499410 0.450904 0.046719 0.126688
0.0 0.489834 0.281586 0.031325 0.099336
0.0 0.532296 0.259880 0.031378 0.103800
0.0 0.701748 0.244517 0.038807 0.095159
0.0 0.579686 0.438926 0.026086 0.081292
0.0 0.600828 0.525197 0.046665 0.122225
0.0 0.971363 0.825934 0.052279 0.171511
0.0 0.971868 0.240960 0.031539 0.117189
0.0 0.892928 0.259585 0.043938 0.104276
0.0 0.883315 0.400607 0.031647 0.126116
0.0 0.859719 0.423830 0.029027 0.117094
1.0 0.715897 0.480641 0.041748 0.130961
2.0 0.527568 0.284619 0.015394 0.027352
