0.0 0.281373 0.626888 0.075715 0.176006
0.0 0.222820 0.380525 0.049390 0.135612
0.0 0.271201 0.289942 0.059639 0.128298
0.0 0.336353 0.350187 0.046849 0.118335
0.0 0.359350 0.326258 0.045053 0.121526
0.0 0.421533 0.424345 0.053616 0.133551
0.0 0.573038 0.515457 0.054362 0.154018
0.0 0.654419 0.562473 0.051821 0.136741
0.0 0.581799 0.782535 0.067787 0.168300
0.0 0.805220 0.720165 0.056683 0.138999
0.0 0.917746 0.705508 0.056158 0.150827
0.0 0.835425 0.611913 0.052346 0.124912
0.0 0.854568 0.570045 0.042622 0.120397
0.0 0.621517 0.459526 0.051711 0.120593
1.0 0.714434 0.666474 0.062180 0.145575
2.0 0.385688 0.253125 0.024530 0.043584
