0.0 0.026078 0.285324 0.035205 0.109520
0.0 0.181639 0.247970 0.032695 0.109330
0.0 0.020216 0.110614 0.024950 0.099838
0.0 0.051250 0.074986 0.029863 0.095759
0.0 0.254445 0.148485 0.032373 0.095949
0.0 0.314936 0.090516 0.029863 0.095759
0.0 0.523618 0.354336 0.037930 0.118631
0.0 0.580031 0.204456 0.032588 0.104870
0.0 0.314209 0.539530 0.040654 0.127742
0.0 0.365295 0.559043 0.041986 0.078870
0.0 0.451761 0.623690 0.038251 0.132012
0.0 0.599944 0.684080 0.045996 0.141503
0.0 0.824989 0.319103 0.040226 0.109901
0.0 0.917686 0.281450 0.037930 0.118631
1.0 0.351289 0.356905 0.035312 0.113981
2.0 0.438200 0.560104 0.020832 0.032745
