0.0 0.839649 0.752232 0.060237 0.164804
0.0 0.678135 0.452435 0.053970 0.121572
0.0 0.783791 0.394755 0.057657 0.131332
0.0 0.467037 0.208318 0.044237 0.117118
0.0 0.386672 0.342112 0.058910 0.139978
0.0 0.302640 0.554902 0.047371 0.138734
0.0 0.274345 0.544259 0.049177 0.135524
0.0 0.255413 0.477972 0.055923 0.150721
0.0 0.066414 0.117193 0.040551 0.107358
0.0 0.104569 0.040238 0.052717 0.080476
0.0 0.527100 0.733679 0.063776 0.142205
1.0 0.160204 0.284580 0.056477 0.138865
2.0 0.611928 0.703347 0.028165 0.053253
