0.0 0.871751 0.301087 0.040734 0.093894
0.0 0.986304 0.451325 0.027391 0.114240
0.0 0.946210 0.631694 0.052225 0.135829
0.0 0.806687 0.869923 0.061245 0.176959
0.0 0.765492 0.674962 0.052678 0.140220
0.0 0.609171 0.419816 0.044358 0.129023
0.0 0.570455 0.497981 0.049301 0.130633
0.0 0.553099 0.703376 0.054943 0.162176
0.0 0.524809 0.942476 0.052225 0.115048
0.0 0.272449 0.514401 0.061904 0.160199
0.0 0.206297 0.474704 0.054490 0.157785
0.0 0.337770 0.326895 0.048395 0.121851
1.0 0.960260 0.767890 0.043246 0.141392
2.0 0.344815 0.370037 0.022942 0.037177
