0.0 0.973954 0.851905 0.032007 0.168054
0.0 0.962019 0.507838 0.052866 0.130993
0.0 0.881591 0.353863 0.049609 0.112852
0.0 0.766556 0.363158 0.036517 0.097827
0.0 0.738400 0.433275 0.037457 0.120086
0.0 0.696934 0.400889 0.032070 0.110515
0.0 0.677203 0.420644 0.029565 0.110181
0.0 0.561103 0.335784 0.036893 0.106731
0.0 0.505481 0.489538 0.035515 0.133108
0.0 0.495239 0.374015 0.022299 0.056092
0.0 0.370964 0.303734 0.032822 0.128322
0.0 0.374910 0.210247 0.036705 0.102279
0.0 0.229840 0.244640 0.032070 0.110515
0.0 0.214212 0.316425 0.022236 0.113632
0.0 0.202875 0.346252 0.027247 0.114299
0.0 0.173154 0.393775 0.038209 0.137893
0.0 0.298556 0.616418 0.040714 0.138227
1.0 0.487597 0.435672 0.034576 0.110849
2.0 0.659069 0.313022 0.021359 0.033833
