0.0 0.805276 0.281250 0.032663 0.098214
0.0 0.969849 0.497768 0.030151 0.138393
0.0 0.876884 0.540179 0.040201 0.142857
0.0 0.739950 0.654018 0.042714 0.147321
0.0 0.608040 0.553571 0.035176 0.133929
0.0 0.542714 0.343750 0.040201 0.125000
0.0 0.418342 0.321429 0.042714 0.107143
0.0 0.276382 0.359375 0.035176 0.111607
0.0 0.201005 0.495536 0.045226 0.125000
0.0 0.153266 0.685268 0.045226 0.147321
0.0 0.368090 0.676339 0.042714 0.147321
0.0 0.672111 0.716518 0.037688 0.129464
0.0 0.375628 0.520089 0.032663 0.129464
2.0 0.380653 0.435268 0.017588 0.031250
