0.0 0.045692 0.487866 0.036313 0.145366
0.0 0.234432 0.394277 0.035737 0.123068
0.0 0.274510 0.534018 0.038938 0.150030
0.0 0.273231 0.679364 0.038823 0.145571
0.0 0.403321 0.798363 0.036543 0.154285
0.0 0.469558 0.587391 0.048863 0.146389
0.0 0.549830 0.384215 0.033343 0.127323
0.0 0.682097 0.295228 0.035277 0.105230
0.0 0.913827 0.356785 0.038938 0.150030
0.0 0.922991 0.760480 0.046813 0.164023
0.0 0.602089 0.654798 0.038938 0.150030
0.0 0.606833 0.448838 0.043497 0.132601
0.0 0.638207 0.446281 0.035507 0.114149
1.0 0.168932 0.585078 0.036313 0.145366
2.0 0.615250 0.336428 0.018145 0.023730
