0.0 0.975161 0.744255 0.049679 0.197524
0.0 0.933341 0.296289 0.053802 0.145068
0.0 0.949518 0.104284 0.037646 0.105761
0.0 0.820138 0.185191 0.038601 0.114526
0.0 0.775949 0.355006 0.052846 0.136302
0.0 0.339138 0.921238 0.056191 0.157525
0.0 0.063727 0.841138 0.065580 0.165995
0.0 0.180322 0.607750 0.061680 0.151998
0.0 0.260678 0.452771 0.050857 0.139836
0.0 0.451571 0.396165 0.040035 0.127675
0.0 0.486072 0.466142 0.044413 0.146055
0.0 0.552840 0.538655 0.046479 0.121456
0.0 0.531667 0.461817 0.034223 0.096146
0.0 0.489321 0.308143 0.038201 0.089078
0.0 0.472687 0.272942 0.032312 0.078615
0.0 0.550388 0.246200 0.036690 0.096995
0.0 0.701736 0.225941 0.048468 0.117922
1.0 0.691370 0.447778 0.057780 0.138000
2.0 0.557433 0.275606 0.017667 0.031391
