0.0 0.405026 0.733520 0.067166 0.160134
0.0 0.313976 0.538654 0.054022 0.144939
0.0 0.305645 0.441331 0.054862 0.109717
0.0 0.436890 0.444359 0.046095 0.134933
0.0 0.531415 0.416969 0.041087 0.134194
0.0 0.645441 0.456137 0.047975 0.121955
0.0 0.680563 0.695094 0.057358 0.163105
0.0 0.913034 0.517436 0.044423 0.152359
0.0 0.955417 0.345433 0.043175 0.125665
0.0 0.894271 0.412693 0.044847 0.108239
0.0 0.767506 0.451560 0.041295 0.138643
0.0 0.679464 0.374961 0.037543 0.111579
1.0 0.820912 0.515353 0.051310 0.140121
2.0 0.503064 0.241967 0.026911 0.043736
