0.0 0.172111 0.301339 0.037688 0.129464
0.0 0.018844 0.805804 0.037688 0.165179
0.0 0.737437 0.645089 0.052764 0.156250
0.0 0.871859 0.450893 0.045226 0.142857
0.0 0.847990 0.386161 0.027638 0.111607
0.0 0.830402 0.357143 0.022613 0.107143
0.0 0.836683 0.281250 0.025126 0.089286
0.0 0.670854 0.238839 0.030151 0.111607
0.0 0.628141 0.328125 0.035176 0.129464
0.0 0.559045 0.520089 0.032663 0.129464
0.0 0.551508 0.395089 0.037688 0.111607
0.0 0.502513 0.339286 0.040201 0.107143
0.0 0.349246 0.386161 0.025126 0.102679
0.0 0.325377 0.390625 0.027638 0.102679
0.0 0.290201 0.406250 0.032663 0.125000
0.0 0.253769 0.325893 0.035176 0.116071
1.0 0.523869 0.448661 0.037688 0.138393
2.0 0.325377 0.279018 0.022613 0.040179
