0.0 0.540855 0.644080 0.048304 0.126734
0.0 0.514136 0.583620 0.050223 0.123325
0.0 0.704587 0.406906 0.049376 0.135457
0.0 0.798219 0.331733 0.047768 0.122372
0.0 0.795920 0.124713 0.036341 0.105478
0.0 0.455660 0.327571 0.046696 0.113649
0.0 0.412802 0.229963 0.040714 0.103021
0.0 0.139553 0.381687 0.043169 0.103974
0.0 0.042480 0.407930 0.044777 0.117058
0.0 0.704729 0.073277 0.040178 0.098660
0.0 0.881397 0.008139 0.031742 0.016278
0.0 0.856357 0.003702 0.033350 0.007404
0.0 0.668148 0.038193 0.030670 0.076385
1.0 0.631976 0.266009 0.037723 0.097707
2.0 0.574812 0.365872 0.026381 0.043464
