0.0 0.059656 0.742620 0.038137 0.150874
0.0 0.330105 0.869237 0.055854 0.157419
0.0 0.173847 0.532146 0.055350 0.144056
0.0 0.233235 0.404264 0.037129 0.124148
0.0 0.430954 0.405317 0.034790 0.128304
0.0 0.459754 0.267656 0.031274 0.101280
0.0 0.488507 0.295551 0.036288 0.101877
0.0 0.543148 0.242061 0.032941 0.079307
0.0 0.489797 0.463184 0.037465 0.133057
0.0 0.575888 0.542413 0.047493 0.134252
0.0 0.559907 0.452594 0.030602 0.083462
0.0 0.717303 0.252632 0.028599 0.096527
0.0 0.823716 0.403267 0.049831 0.130096
0.0 0.865212 0.235011 0.038627 0.097721
0.0 0.971337 0.211182 0.036961 0.119694
0.0 0.913545 0.381379 0.039972 0.133356
0.0 0.971804 0.824106 0.054356 0.183846
2.0 0.534549 0.281117 0.016050 0.028518
