0.0 0.673465 0.758702 0.057524 0.159503
0.0 0.805860 0.601265 0.056885 0.155185
0.0 0.768221 0.399057 0.046917 0.118375
0.0 0.646966 0.305516 0.045639 0.109739
0.0 0.670202 0.429453 0.050109 0.139963
0.0 0.009574 0.573600 0.019149 0.175639
0.0 0.094171 0.266666 0.053692 0.133597
0.0 0.171969 0.162207 0.060220 0.116547
0.0 0.277615 0.220765 0.046917 0.118375
0.0 0.266377 0.305527 0.049985 0.123827
0.0 0.317657 0.292543 0.045125 0.121558
0.0 0.351172 0.338195 0.048194 0.127010
0.0 0.420926 0.296909 0.044486 0.117240
0.0 0.466875 0.486842 0.058553 0.135866
0.0 0.510341 0.412511 0.045764 0.125875
0.0 0.785373 0.476303 0.033365 0.087930
0.0 0.774198 0.551863 0.045001 0.105422
1.0 0.519432 0.465222 0.048832 0.131328
2.0 0.383907 0.318860 0.019050 0.037032
