0.0 0.050909 0.348219 0.046751 0.144023
0.0 0.431368 0.926360 0.051325 0.135896
0.0 0.793169 0.746608 0.052406 0.158135
0.0 0.697262 0.514574 0.048822 0.135512
0.0 0.874794 0.286395 0.037513 0.107290
0.0 0.731100 0.181457 0.031426 0.084283
0.0 0.554009 0.270797 0.039800 0.103226
0.0 0.505546 0.178227 0.033929 0.084667
0.0 0.529850 0.430644 0.038377 0.125081
0.0 0.454365 0.401142 0.041745 0.143256
0.0 0.990249 0.465904 0.019502 0.123161
1.0 0.925616 0.589929 0.044248 0.143639
2.0 0.483467 0.217408 0.021539 0.034206
