0.0 0.051508 0.529018 0.037688 0.165179
0.0 0.096734 0.638393 0.042714 0.169643
0.0 0.320352 0.359375 0.027638 0.129464
0.0 0.364322 0.294643 0.030151 0.125000
0.0 0.442211 0.287946 0.030151 0.111607
0.0 0.491206 0.470982 0.032663 0.138393
0.0 0.413317 0.660714 0.042714 0.125000
0.0 0.458543 0.569196 0.027638 0.120536
0.0 0.478643 0.602679 0.032663 0.125000
0.0 0.688442 0.680804 0.040201 0.156250
0.0 0.812814 0.533482 0.032663 0.129464
0.0 0.860553 0.542411 0.047739 0.111607
1.0 0.580402 0.645089 0.060302 0.156250
2.0 0.734925 0.631696 0.027638 0.040179
