0.0 0.219441 0.194116 0.041399 0.106496
0.0 0.036899 0.359006 0.042681 0.145373
0.0 0.124601 0.428288 0.053009 0.152744
0.0 0.248978 0.580993 0.055904 0.157889
0.0 0.388451 0.520911 0.047218 0.142456
0.0 0.472501 0.333307 0.051338 0.135136
0.0 0.597231 0.348036 0.052144 0.118269
0.0 0.733664 0.427389 0.045130 0.120445
0.0 0.795252 0.583921 0.056293 0.136620
0.0 0.824572 0.785114 0.058382 0.158631
0.0 0.613574 0.712851 0.055904 0.157889
0.0 0.310025 0.662663 0.049278 0.138796
0.0 0.620761 0.556549 0.044323 0.137311
2.0 0.623743 0.471424 0.020267 0.036011
