0.0 0.316583 0.928571 0.050251 0.142857
0.0 0.603015 0.687500 0.050251 0.151786
0.0 0.904523 0.720982 0.050251 0.138393
0.0 0.974874 0.477679 0.035176 0.142857
0.0 0.958543 0.363839 0.037688 0.120536
0.0 0.863065 0.392857 0.042714 0.125000
0.0 0.830402 0.265625 0.027638 0.120536
0.0 0.809045 0.299107 0.030151 0.133929
0.0 0.616834 0.337054 0.032663 0.120536
0.0 0.556533 0.435268 0.037688 0.129464
0.0 0.461055 0.343750 0.032663 0.116071
0.0 0.334171 0.319196 0.030151 0.111607
0.0 0.286432 0.305804 0.030151 0.102679
0.0 0.072864 0.334821 0.035176 0.116071
0.0 0.307789 0.218750 0.032663 0.089286
0.0 0.345477 0.243304 0.027638 0.075893
0.0 0.420854 0.290179 0.032663 0.116071
1.0 0.288945 0.419643 0.040201 0.133929
2.0 0.419598 0.328125 0.015075 0.031250
