0.0 0.931823 0.786924 0.042677 0.153373
0.0 0.657744 0.885880 0.060440 0.161671
0.0 0.824587 0.565202 0.059507 0.148382
0.0 0.769408 0.431501 0.040810 0.126793
0.0 0.571978 0.412481 0.038628 0.130670
0.0 0.547651 0.272121 0.034269 0.103538
0.0 0.518048 0.297052 0.039255 0.104643
0.0 0.465216 0.238102 0.035207 0.081941
0.0 0.511370 0.464280 0.041432 0.135653
0.0 0.422873 0.534641 0.051405 0.137864
0.0 0.441715 0.446590 0.033024 0.085818
0.0 0.291006 0.230978 0.031464 0.098556
0.0 0.179923 0.370564 0.053588 0.133986
0.0 0.143905 0.198370 0.041437 0.100766
0.0 0.038720 0.163807 0.040499 0.122363
0.0 0.090944 0.339593 0.043926 0.136206
0.0 0.024226 0.775683 0.048452 0.187699
2.0 0.472545 0.277967 0.016826 0.029896
