0.0 0.071590 0.549613 0.055707 0.175059
0.0 0.358407 0.319735 0.050183 0.143509
0.0 0.453370 0.288237 0.043928 0.128771
0.0 0.472157 0.330375 0.034030 0.125676
0.0 0.515936 0.493651 0.048144 0.147131
0.0 0.423171 0.580231 0.046838 0.133941
0.0 0.385855 0.647888 0.062714 0.100561
0.0 0.500841 0.658915 0.065902 0.156945
0.0 0.684046 0.779666 0.061091 0.181004
0.0 0.947692 0.719325 0.048144 0.147131
0.0 0.979485 0.681671 0.031120 0.120505
1.0 0.743632 0.718973 0.067941 0.153322
2.0 0.444947 0.643702 0.022845 0.036967
