0.0 0.191756 0.294808 0.034028 0.099627
0.0 0.030265 0.518532 0.032079 0.139682
0.0 0.123795 0.556821 0.042188 0.144590
0.0 0.262280 0.664574 0.044763 0.149163
0.0 0.392743 0.558329 0.037040 0.135442
0.0 0.455112 0.345686 0.041938 0.126738
0.0 0.579133 0.317875 0.044200 0.108997
0.0 0.721580 0.349537 0.036727 0.113127
0.0 0.798840 0.482324 0.046962 0.126960
0.0 0.849220 0.669888 0.047274 0.149274
0.0 0.634337 0.670455 0.044763 0.149163
0.0 0.330974 0.724057 0.039489 0.131090
0.0 0.624615 0.514587 0.034465 0.130868
2.0 0.618404 0.430014 0.018020 0.032018
