0.0 0.614820 0.483957 0.048660 0.134249
0.0 0.655705 0.756149 0.051529 0.165081
0.0 0.689103 0.938419 0.058556 0.123162
0.0 0.455471 0.896422 0.058146 0.158456
0.0 0.233061 0.645564 0.055667 0.157728
0.0 0.430884 0.599606 0.049070 0.138654
0.0 0.488005 0.478377 0.047020 0.116631
0.0 0.553393 0.364101 0.044131 0.111498
0.0 0.379674 0.328905 0.051978 0.118088
0.0 0.367778 0.443058 0.051138 0.134977
0.0 0.248741 0.340215 0.045381 0.099013
0.0 0.119487 0.388217 0.054437 0.144515
0.0 0.027699 0.266230 0.033806 0.104181
0.0 0.069136 0.163018 0.039193 0.084343
1.0 0.221103 0.390919 0.047840 0.125440
