0.0 0.948492 0.529018 0.037688 0.165179
0.0 0.903266 0.638393 0.042714 0.169643
0.0 0.679648 0.359375 0.027638 0.129464
0.0 0.635678 0.294643 0.030151 0.125000
0.0 0.557789 0.287946 0.030151 0.111607
0.0 0.508794 0.470982 0.032663 0.138393
0.0 0.586683 0.660714 0.042714 0.125000
0.0 0.541457 0.569196 0.027638 0.120536
0.0 0.521357 0.602679 0.032663 0.125000
0.0 0.311558 0.680804 0.040201 0.156250
0.0 0.187186 0.533482 0.032663 0.129464
0.0 0.139447 0.542411 0.047739 0.111607
1.0 0.419598 0.645089 0.060302 0.156250
2.0 0.265075 0.631696 0.027638 0.040179
