0.0 0.914940 0.459089 0.054282 0.132576
0.0 0.951501 0.975477 0.051781 0.049047
0.0 0.675839 0.608668 0.057024 0.137449
0.0 0.735087 0.540348 0.032257 0.137600
0.0 0.718746 0.492692 0.031859 0.084706
0.0 0.654525 0.443547 0.037017 0.134015
0.0 0.475908 0.385981 0.033635 0.071805
0.0 0.472085 0.479511 0.034516 0.133586
0.0 0.446351 0.488550 0.033066 0.106924
0.0 0.500305 0.726548 0.048470 0.162394
0.0 0.244586 0.485316 0.044520 0.135303
0.0 0.079866 0.636448 0.055006 0.145907
0.0 0.053749 0.443593 0.057507 0.146336
0.0 0.162170 0.399410 0.051056 0.118816
0.0 0.139896 0.321584 0.038793 0.121114
0.0 0.195762 0.315474 0.048072 0.109500
1.0 0.534494 0.561984 0.042019 0.134874
2.0 0.336133 0.310413 0.026942 0.039841
