0.0 0.045226 0.417411 0.040201 0.138393
0.0 0.452261 0.935268 0.045226 0.129464
0.0 0.804020 0.700893 0.045226 0.151786
0.0 0.697236 0.484375 0.042714 0.129464
0.0 0.863065 0.229911 0.032663 0.102679
0.0 0.714824 0.147321 0.027638 0.080357
0.0 0.542714 0.263393 0.035176 0.098214
0.0 0.489950 0.178571 0.030151 0.080357
0.0 0.526382 0.426339 0.032663 0.120536
0.0 0.449749 0.408482 0.035176 0.138393
0.0 0.989950 0.390625 0.020100 0.120536
1.0 0.928392 0.524554 0.037688 0.138393
2.0 0.469849 0.220982 0.020100 0.031250
