0.0 0.844580 0.436494 0.053012 0.141151
0.0 0.930553 0.950530 0.057502 0.098940
0.0 0.250322 0.547187 0.071074 0.173243
0.0 0.143710 0.304547 0.062043 0.157197
0.0 0.175114 0.250924 0.040971 0.119756
0.0 0.195906 0.229620 0.035511 0.113411
0.0 0.199324 0.153152 0.035716 0.097002
0.0 0.366295 0.177628 0.043420 0.120754
0.0 0.396705 0.281610 0.050563 0.140154
0.0 0.439921 0.496147 0.048114 0.139157
0.0 0.462983 0.377297 0.050767 0.123745
0.0 0.517756 0.342349 0.052655 0.120391
0.0 0.661256 0.448869 0.037399 0.110056
0.0 0.683961 0.462694 0.039848 0.111053
0.0 0.716284 0.491885 0.047553 0.134805
0.0 0.761898 0.428018 0.048879 0.127099
1.0 0.483188 0.440484 0.054135 0.149854
2.0 0.697992 0.353907 0.027093 0.048138
