0.0 0.582509 0.748024 0.074239 0.168106
0.0 0.683241 0.568830 0.060557 0.151035
0.0 0.696566 0.473277 0.059535 0.116641
0.0 0.565718 0.454887 0.052260 0.139913
0.0 0.473007 0.412196 0.047311 0.138361
0.0 0.357440 0.432601 0.053423 0.127501
0.0 0.310120 0.664822 0.064779 0.169396
0.0 0.087809 0.449998 0.051534 0.156722
0.0 0.054491 0.271810 0.048912 0.130345
0.0 0.111904 0.348758 0.049638 0.113536
0.0 0.236126 0.408136 0.047748 0.142757
0.0 0.327754 0.346219 0.042652 0.115603
1.0 0.179650 0.462949 0.057645 0.145862
2.0 0.510279 0.242557 0.028675 0.047330
