0.0 0.344110 0.866418 0.067046 0.190472
0.0 0.021719 0.597727 0.042336 0.127793
0.0 0.493834 0.562576 0.053762 0.148094
0.0 0.688600 0.476977 0.044450 0.124038
0.0 0.644695 0.423190 0.046563 0.120283
0.0 0.879220 0.327028 0.050906 0.143019
0.0 0.472074 0.394571 0.047678 0.133528
0.0 0.384218 0.467565 0.041965 0.123378
0.0 0.401381 0.399811 0.041965 0.123378
0.0 0.346469 0.396344 0.037250 0.096226
0.0 0.330828 0.346333 0.032536 0.069075
0.0 0.307812 0.465295 0.039735 0.096886
0.0 0.259554 0.435234 0.042336 0.127793
0.0 0.272246 0.359639 0.038365 0.109472
1.0 0.199125 0.622817 0.058732 0.149415
2.0 0.279817 0.389225 0.017511 0.034868
