0.0 0.156492 0.539918 0.046018 0.143432
0.0 0.087634 0.755222 0.046401 0.152335
0.0 0.342172 0.843792 0.044087 0.156446
0.0 0.195357 0.418232 0.038120 0.133509
0.0 0.353372 0.430360 0.040433 0.129398
0.0 0.426449 0.283882 0.032343 0.115024
0.0 0.510421 0.449335 0.040051 0.120496
0.0 0.618896 0.510723 0.040433 0.129398
0.0 0.596852 0.437601 0.031769 0.101670
0.0 0.492639 0.299521 0.036780 0.102350
0.0 0.661082 0.231880 0.037162 0.111253
0.0 0.892619 0.225072 0.036588 0.097899
0.0 0.968551 0.203570 0.035040 0.119815
0.0 0.901728 0.378302 0.042173 0.111933
0.0 0.842185 0.370715 0.040625 0.133850
0.0 0.978041 0.754158 0.043918 0.171841
0.0 0.532540 0.260524 0.029455 0.105781
1.0 0.732606 0.459467 0.050837 0.139661
2.0 0.521545 0.297835 0.015989 0.024297
