0.0 0.867282 0.544188 0.046589 0.156784
0.0 0.659991 0.352927 0.044676 0.112271
0.0 0.749538 0.237799 0.047564 0.121513
0.0 0.415868 0.242779 0.034655 0.110911
0.0 0.364073 0.415466 0.047946 0.130416
0.0 0.323142 0.665032 0.035611 0.133168
0.0 0.294427 0.671167 0.037925 0.129056
0.0 0.264478 0.619264 0.043510 0.143090
0.0 0.020104 0.386024 0.031767 0.101668
0.0 0.039313 0.275963 0.044293 0.103368
0.0 0.568057 0.705675 0.052957 0.131096
1.0 0.139259 0.490743 0.045441 0.130076
2.0 0.642851 0.628367 0.024461 0.047573
