0.0 0.300251 0.207589 0.032663 0.084821
0.0 0.434673 0.131696 0.025126 0.084821
0.0 0.835427 0.214286 0.027638 0.107143
0.0 0.526382 0.343750 0.027638 0.098214
0.0 0.489950 0.464286 0.035176 0.116071
0.0 0.202261 0.491071 0.032663 0.116071
0.0 0.229899 0.729911 0.037688 0.129464
0.0 0.144472 0.419643 0.032663 0.098214
0.0 0.128141 0.381696 0.025126 0.102679
0.0 0.532663 0.446429 0.030151 0.107143
0.0 0.606784 0.368304 0.027638 0.084821
1.0 0.116834 0.504464 0.032663 0.116071
2.0 0.619347 0.415179 0.017588 0.026786
