0.0 0.059701 0.923092 0.057353 0.153816
0.0 0.051859 0.482296 0.043557 0.137012
0.0 0.012936 0.302363 0.025872 0.100328
0.0 0.147268 0.327177 0.030328 0.109247
0.0 0.212613 0.473879 0.043331 0.128092
0.0 0.712539 0.847173 0.044123 0.159310
0.0 0.969108 0.650089 0.054050 0.155655
0.0 0.824990 0.471716 0.051201 0.142075
0.0 0.726439 0.354488 0.040934 0.132351
0.0 0.533394 0.378899 0.030667 0.122626
0.0 0.509078 0.461287 0.033630 0.140667
0.0 0.453725 0.559570 0.037971 0.114311
0.0 0.464180 0.476058 0.027365 0.091207
0.0 0.485091 0.309036 0.032158 0.082690
0.0 0.496622 0.267892 0.026912 0.073368
0.0 0.417556 0.274229 0.029875 0.091408
0.0 0.267749 0.317519 0.040368 0.110052
1.0 0.307069 0.528871 0.048351 0.128494
2.0 0.414584 0.305749 0.015739 0.027966
