0.0 0.992602 0.683595 0.014796 0.169296
0.0 0.954263 0.350008 0.055717 0.134147
0.0 0.858686 0.226350 0.052035 0.115887
0.0 0.746799 0.274733 0.038669 0.099951
0.0 0.726747 0.353153 0.040153 0.122116
0.0 0.682552 0.335522 0.034570 0.112195
0.0 0.665324 0.361643 0.032075 0.111667
0.0 0.542212 0.317988 0.039263 0.108817
0.0 0.504248 0.487863 0.038549 0.134887
0.0 0.481707 0.377986 0.023522 0.057416
0.0 0.352149 0.351428 0.035757 0.129927
0.0 0.345915 0.258335 0.038966 0.104384
0.0 0.207265 0.341598 0.034570 0.112195
0.0 0.199688 0.417381 0.024887 0.114518
0.0 0.191787 0.450522 0.029877 0.115573
0.0 0.167756 0.507304 0.041341 0.139848
0.0 0.314893 0.683001 0.043836 0.140375
1.0 0.480874 0.441103 0.037065 0.112722
2.0 0.635893 0.262215 0.022038 0.035251
