0.0 0.480315 0.657496 0.037322 0.118080
0.0 0.497858 0.587228 0.039750 0.113766
0.0 0.288811 0.499047 0.037489 0.127003
0.0 0.187656 0.467042 0.037239 0.113618
0.0 0.161265 0.265361 0.026944 0.099640
0.0 0.519144 0.313502 0.037073 0.104694
0.0 0.547195 0.200180 0.031884 0.095475
0.0 0.833047 0.227999 0.034395 0.095623
0.0 0.930775 0.211072 0.034645 0.109008
0.0 0.242551 0.175702 0.031800 0.091013
0.0 0.057396 0.155348 0.024100 0.081645
0.0 0.079538 0.129475 0.024350 0.095031
0.0 0.273024 0.124771 0.023933 0.072721
1.0 0.339719 0.330777 0.029289 0.090865
2.0 0.408937 0.402632 0.023267 0.037027
