0.0 0.158712 0.579951 0.050822 0.147111
0.0 0.097968 0.802831 0.051534 0.155949
0.0 0.355232 0.861482 0.049402 0.159737
0.0 0.192991 0.453989 0.042649 0.136376
0.0 0.351113 0.447636 0.044781 0.132589
0.0 0.418613 0.292939 0.036252 0.117435
0.0 0.508524 0.448228 0.044069 0.123750
0.0 0.619035 0.496813 0.044781 0.132589
0.0 0.594334 0.426425 0.035185 0.104177
0.0 0.485238 0.300814 0.040159 0.105441
0.0 0.650815 0.213647 0.040871 0.114280
0.0 0.881599 0.179812 0.039804 0.101022
0.0 0.956571 0.149488 0.039095 0.122486
0.0 0.896357 0.331647 0.045845 0.115543
0.0 0.836662 0.331030 0.045136 0.137008
0.0 0.980792 0.696855 0.038417 0.176786
0.0 0.523610 0.257242 0.033053 0.107964
1.0 0.730604 0.432388 0.055441 0.143955
2.0 0.514019 0.295756 0.016702 0.025888
