0.0 0.880970 0.204992 0.064180 0.142568
0.0 0.996842 0.705417 0.006317 0.141424
0.0 0.686131 0.493108 0.067252 0.148028
0.0 0.728287 0.392414 0.043611 0.140898
0.0 0.703631 0.357847 0.038309 0.090261
0.0 0.633798 0.351499 0.047824 0.138872
0.0 0.455075 0.408015 0.038805 0.078461
0.0 0.469817 0.498059 0.045395 0.137727
0.0 0.447463 0.522450 0.041530 0.111837
0.0 0.544673 0.712189 0.061403 0.169340
0.0 0.257685 0.644218 0.055109 0.142305
0.0 0.132879 0.887782 0.066112 0.155513
0.0 0.070610 0.723144 0.068541 0.156658
0.0 0.163593 0.614663 0.059818 0.128478
0.0 0.127464 0.555482 0.048320 0.127071
0.0 0.178638 0.515199 0.056102 0.118704
1.0 0.544481 0.536771 0.052681 0.141161
2.0 0.309238 0.423630 0.029439 0.045966
