0.0 0.189314 0.403120 0.039607 0.122793
0.0 0.174430 0.630642 0.048190 0.138043
0.0 0.292853 0.722897 0.052558 0.160781
0.0 0.393091 0.765869 0.050674 0.138712
0.0 0.421756 0.595591 0.046459 0.146201
0.0 0.476840 0.377554 0.044952 0.128546
0.0 0.608081 0.292514 0.047436 0.129215
0.0 0.770835 0.293803 0.047436 0.129215
0.0 0.765615 0.426155 0.049920 0.129885
0.0 0.609379 0.486324 0.043221 0.136704
0.0 0.627801 0.657458 0.057149 0.157707
0.0 0.863383 0.618800 0.056773 0.153293
1.0 0.075664 0.634683 0.048943 0.146870
2.0 0.596421 0.379191 0.022888 0.040666
