0.0 0.259691 0.770327 0.044392 0.156650
0.0 0.089440 0.660991 0.041888 0.156293
0.0 0.104938 0.401200 0.038380 0.133687
0.0 0.229777 0.259985 0.037778 0.120337
0.0 0.270883 0.494247 0.036076 0.137780
0.0 0.480959 0.586861 0.030264 0.119267
0.0 0.503499 0.590070 0.030665 0.128167
0.0 0.522842 0.496535 0.034671 0.106630
0.0 0.484676 0.448553 0.024452 0.100753
0.0 0.377932 0.440072 0.032568 0.115173
0.0 0.438997 0.399502 0.029260 0.097017
0.0 0.465744 0.421225 0.024653 0.105203
0.0 0.392515 0.368251 0.034069 0.093280
0.0 0.422669 0.370306 0.024653 0.105203
0.0 0.468654 0.356700 0.022445 0.056253
0.0 0.369625 0.344838 0.026756 0.096660
0.0 0.330957 0.307982 0.032166 0.106273
0.0 0.919919 0.438871 0.047394 0.112863
1.0 0.332340 0.556741 0.038580 0.138137
2.0 0.240759 0.742999 0.018937 0.033646
