0.0 0.304716 0.703779 0.044965 0.152728
0.0 0.188920 0.509375 0.044740 0.148282
0.0 0.244981 0.321124 0.037934 0.111911
0.0 0.373308 0.264756 0.037484 0.103019
0.0 0.338783 0.380090 0.039060 0.134143
0.0 0.986992 0.723340 0.026015 0.170113
0.0 0.922029 0.389970 0.043614 0.126050
0.0 0.855104 0.263956 0.052499 0.105418
0.0 0.745446 0.290446 0.037934 0.111911
0.0 0.748584 0.377349 0.040662 0.116758
0.0 0.699237 0.349377 0.035657 0.115958
0.0 0.661912 0.384477 0.038384 0.120804
0.0 0.597000 0.323135 0.035432 0.111511
0.0 0.533896 0.496824 0.048619 0.126850
0.0 0.498001 0.410673 0.035882 0.120404
0.0 0.220830 0.392218 0.026574 0.083633
0.0 0.224769 0.470029 0.037259 0.098572
1.0 0.484098 0.459959 0.038609 0.125250
2.0 0.631445 0.355729 0.016590 0.033524
