0.0 0.723959 0.729427 0.076164 0.196311
0.0 0.961875 0.258662 0.048552 0.131202
0.0 0.519410 0.553352 0.060791 0.152948
0.0 0.321274 0.609452 0.050358 0.127992
0.0 0.349901 0.529507 0.052165 0.124782
0.0 0.112835 0.603423 0.057731 0.147512
0.0 0.502581 0.383569 0.054045 0.137752
0.0 0.599501 0.389924 0.047925 0.126878
0.0 0.568829 0.339421 0.047925 0.126878
0.0 0.618635 0.298188 0.041732 0.099826
0.0 0.622064 0.241299 0.035538 0.072773
0.0 0.669362 0.334903 0.044165 0.100939
0.0 0.707205 0.273790 0.048552 0.131202
0.0 0.678930 0.212970 0.043612 0.112795
1.0 0.804015 0.404665 0.065657 0.155175
2.0 0.678450 0.245459 0.018986 0.036943
