0.0 0.394472 0.718750 0.060302 0.151786
0.0 0.312814 0.511161 0.047739 0.138393
0.0 0.309045 0.412946 0.050251 0.102679
0.0 0.439699 0.435268 0.040201 0.129464
0.0 0.535176 0.421875 0.035176 0.129464
0.0 0.646985 0.477679 0.042714 0.116071
0.0 0.670854 0.720982 0.050251 0.156250
0.0 0.910804 0.578125 0.037688 0.147321
0.0 0.961055 0.412946 0.037688 0.120536
0.0 0.896985 0.470982 0.040201 0.102679
0.0 0.768844 0.491071 0.035176 0.133929
0.0 0.684673 0.401786 0.032663 0.107143
1.0 0.819095 0.562500 0.045226 0.133929
2.0 0.515075 0.243304 0.025126 0.040179
