0.0 0.722565 0.552524 0.041567 0.107590
0.0 0.980315 0.586128 0.039370 0.105198
0.0 0.963362 0.461332 0.035560 0.096917
0.0 0.773073 0.499531 0.035560 0.096917
0.0 0.617180 0.743709 0.043536 0.141449
0.0 0.238591 0.692768 0.049784 0.135683
0.0 0.457141 0.462242 0.050578 0.123600
0.0 0.649235 0.724513 0.047574 0.118263
0.0 0.587464 0.429774 0.040221 0.115318
0.0 0.701513 0.271804 0.038805 0.085815
0.0 0.655978 0.285602 0.038805 0.085815
0.0 0.509688 0.332269 0.037459 0.093543
0.0 0.355947 0.112817 0.033350 0.079497
0.0 0.234977 0.254286 0.037217 0.109982
0.0 0.232748 0.363223 0.035871 0.117710
0.0 0.076541 0.071851 0.034766 0.109000
0.0 0.757382 0.511552 0.036906 0.089188
1.0 0.617531 0.537917 0.040221 0.115318
2.0 0.421430 0.388449 0.023476 0.038338
