0.0 0.077780 0.386827 0.042110 0.096308
0.0 0.119983 0.482354 0.037457 0.113825
0.0 0.191532 0.537995 0.042571 0.118614
0.0 0.168218 0.383160 0.042387 0.109692
0.0 0.234238 0.414591 0.037181 0.100442
0.0 0.343184 0.394081 0.035407 0.135968
0.0 0.434359 0.426105 0.040337 0.131834
0.0 0.508544 0.305115 0.037273 0.104903
0.0 0.511185 0.615420 0.050657 0.145873
0.0 0.379131 0.369400 0.026584 0.073019
0.0 0.769341 0.332773 0.039784 0.105067
0.0 0.778153 0.455049 0.047777 0.127864
0.0 0.730458 0.397852 0.040152 0.122912
0.0 0.699072 0.399900 0.043032 0.140921
0.0 0.664845 0.690273 0.053721 0.172805
1.0 0.354416 0.511732 0.043032 0.140921
2.0 0.302351 0.182315 0.015618 0.027751
