0.0 0.086683 0.504464 0.042714 0.133929
0.0 0.272613 0.220982 0.032663 0.111607
0.0 0.443467 0.305804 0.037688 0.129464
0.0 0.255025 0.616071 0.047739 0.125000
0.0 0.260050 0.720982 0.052764 0.120536
0.0 0.360553 0.522321 0.047739 0.125000
0.0 0.508794 0.287946 0.042714 0.111607
0.0 0.646985 0.341518 0.027638 0.111607
0.0 0.751256 0.515625 0.050251 0.129464
0.0 0.743719 0.667411 0.045226 0.147321
0.0 0.893216 0.687500 0.062814 0.133929
0.0 0.902010 0.553571 0.050251 0.125000
2.0 0.403266 0.098214 0.022613 0.035714
