0.0 0.671635 0.935112 0.054050 0.129776
0.0 0.392041 0.678504 0.054291 0.155894
0.0 0.089977 0.686248 0.053930 0.142517
0.0 0.026275 0.437228 0.038992 0.145691
0.0 0.045661 0.324912 0.040899 0.123609
0.0 0.140245 0.362035 0.046039 0.128497
0.0 0.176306 0.237733 0.030861 0.122753
0.0 0.196734 0.272997 0.033732 0.136344
0.0 0.387700 0.327283 0.035880 0.123181
0.0 0.445280 0.430524 0.041140 0.132528
0.0 0.543118 0.347249 0.035760 0.118722
0.0 0.670520 0.333539 0.033129 0.114049
0.0 0.718565 0.324231 0.032888 0.105130
0.0 0.931104 0.371418 0.038269 0.118936
0.0 0.699583 0.235457 0.035036 0.091967
0.0 0.661275 0.256770 0.029655 0.078161
0.0 0.584720 0.297166 0.035760 0.118722
1.0 0.712982 0.437725 0.043771 0.137201
2.0 0.584950 0.335176 0.015902 0.032499
