0.0 0.669450 0.778971 0.063256 0.138289
0.0 0.672635 0.617105 0.059978 0.128765
0.0 0.668526 0.970498 0.054219 0.059004
0.0 0.533092 0.513968 0.041815 0.114992
0.0 0.567465 0.415264 0.055903 0.110426
0.0 0.508257 0.310192 0.041417 0.110585
0.0 0.417063 0.150774 0.042702 0.098070
0.0 0.443362 0.422791 0.038139 0.101061
0.0 0.271084 0.414305 0.048859 0.112709
0.0 0.157571 0.501721 0.051738 0.117825
0.0 0.039034 0.757261 0.068925 0.174259
0.0 0.127111 0.346076 0.043898 0.111293
0.0 0.109962 0.155798 0.034861 0.091537
1.0 0.324355 0.472467 0.050055 0.125932
