0.0 0.477387 0.656250 0.035176 0.116071
0.0 0.496231 0.587054 0.037688 0.111607
0.0 0.288945 0.486607 0.035176 0.125000
0.0 0.188442 0.448661 0.035176 0.111607
0.0 0.165829 0.245536 0.025126 0.098214
0.0 0.522613 0.314732 0.035176 0.102679
0.0 0.552764 0.203125 0.030151 0.093750
0.0 0.837940 0.247768 0.032663 0.093750
0.0 0.935930 0.236607 0.032663 0.107143
0.0 0.248744 0.160714 0.030151 0.089286
0.0 0.064070 0.129464 0.022613 0.080357
0.0 0.086683 0.104911 0.022613 0.093750
0.0 0.280151 0.111607 0.022613 0.071429
1.0 0.342965 0.321429 0.027638 0.089286
2.0 0.410804 0.397321 0.022613 0.035714
