0.0 0.792602 0.374179 0.037807 0.134034
0.0 0.836673 0.487895 0.045357 0.147448
0.0 0.936092 0.681813 0.042848 0.151905
0.0 0.618005 0.403687 0.035291 0.129563
0.0 0.674910 0.823170 0.047877 0.156384
0.0 0.552546 0.254317 0.030246 0.107227
0.0 0.499956 0.450893 0.045337 0.125127
0.0 0.507343 0.281229 0.030238 0.098299
0.0 0.464612 0.261260 0.030242 0.102763
0.0 0.295006 0.252807 0.037772 0.093856
0.0 0.419547 0.442190 0.025197 0.080428
0.0 0.399523 0.529300 0.045333 0.120662
0.0 0.032969 0.845061 0.050402 0.169784
0.0 0.024912 0.260261 0.030254 0.116156
0.0 0.104072 0.275664 0.042805 0.102798
0.0 0.115503 0.416257 0.030262 0.125084
0.0 0.139392 0.438512 0.027741 0.116149
1.0 0.283910 0.489445 0.040316 0.129577
2.0 0.469659 0.285799 0.015099 0.026828
