0.0 0.960879 0.479034 0.052834 0.157278
0.0 0.727541 0.752997 0.070478 0.169607
0.0 0.814744 0.344699 0.068545 0.156662
0.0 0.735419 0.257387 0.048968 0.131388
0.0 0.548322 0.370989 0.047184 0.134558
0.0 0.496207 0.256995 0.040889 0.107523
0.0 0.474004 0.299793 0.045746 0.109813
0.0 0.412596 0.280244 0.040096 0.087093
0.0 0.503023 0.459316 0.050257 0.140018
0.0 0.435768 0.583395 0.059971 0.144597
0.0 0.434702 0.489214 0.038312 0.090263
0.0 0.249537 0.389443 0.037816 0.102063
0.0 0.175913 0.592734 0.061755 0.141427
0.0 0.106253 0.456988 0.047531 0.106643
0.0 0.012796 0.494856 0.025591 0.127073
0.0 0.086875 0.623160 0.052685 0.141163
0.0 0.111559 0.989266 0.071915 0.021469
2.0 0.427787 0.312342 0.018437 0.032759
