0.0 0.090859 0.604221 0.052561 0.143000
0.0 0.253382 0.278475 0.040896 0.118459
0.0 0.429139 0.321255 0.047241 0.137363
0.0 0.266175 0.674146 0.056856 0.135367
0.0 0.279178 0.776870 0.061493 0.132158
0.0 0.363554 0.555785 0.056856 0.135367
0.0 0.492494 0.287790 0.050853 0.120885
0.0 0.633500 0.307497 0.035918 0.117245
0.0 0.750120 0.454812 0.059687 0.140397
0.0 0.754262 0.607010 0.056074 0.156875
0.0 0.903909 0.590816 0.072475 0.147853
0.0 0.902378 0.456006 0.059346 0.135974
2.0 0.373434 0.125299 0.025135 0.040843
