0.0 0.785846 0.162470 0.027435 0.095633
0.0 0.930335 0.258350 0.030168 0.104750
0.0 0.978994 0.343895 0.032900 0.113868
0.0 0.920530 0.419993 0.037920 0.114263
0.0 0.843833 0.723193 0.046451 0.154994
0.0 0.731231 0.544369 0.035743 0.127445
0.0 0.585408 0.394970 0.033011 0.118328
0.0 0.549202 0.455911 0.033011 0.118328
0.0 0.551638 0.654575 0.038365 0.132102
0.0 0.597713 0.939178 0.040319 0.110000
0.0 0.315017 0.393900 0.035299 0.109605
0.0 0.290064 0.603656 0.051138 0.142010
0.0 0.209995 0.569738 0.038142 0.123183
1.0 0.943080 0.567919 0.035966 0.136365
2.0 0.342095 0.420816 0.015839 0.032404
