0.0 0.978643 0.321429 0.032663 0.107143
0.0 0.824121 0.272321 0.030151 0.107143
0.0 0.988693 0.147321 0.022613 0.098214
0.0 0.958543 0.109375 0.027638 0.093750
0.0 0.753769 0.167411 0.030151 0.093750
0.0 0.694724 0.104911 0.027638 0.093750
0.0 0.479900 0.352679 0.035176 0.116071
0.0 0.427136 0.198661 0.030151 0.102679
0.0 0.684673 0.553571 0.037688 0.125000
0.0 0.633166 0.569196 0.040201 0.075893
0.0 0.545226 0.627232 0.035176 0.129464
0.0 0.395729 0.676339 0.042714 0.138393
0.0 0.179648 0.294643 0.037688 0.107143
0.0 0.087940 0.250000 0.035176 0.116071
1.0 0.652010 0.368304 0.032663 0.111607
2.0 0.560301 0.564732 0.020100 0.031250
