0.0 0.877599 0.339587 0.043039 0.096152
0.0 0.985916 0.501883 0.028167 0.115724
0.0 0.941182 0.677286 0.055718 0.138360
0.0 0.794144 0.900793 0.065955 0.179510
0.0 0.759358 0.701928 0.056313 0.142697
0.0 0.611596 0.431159 0.047800 0.130851
0.0 0.570403 0.505218 0.052682 0.132965
0.0 0.546396 0.708488 0.059288 0.164384
0.0 0.510039 0.942739 0.055718 0.114523
0.0 0.272361 0.491014 0.066016 0.163218
0.0 0.207611 0.444592 0.058693 0.160046
0.0 0.343671 0.310528 0.051492 0.124291
1.0 0.950778 0.814697 0.047143 0.142805
2.0 0.349301 0.354321 0.023694 0.038819
