0.0 0.388191 0.450893 0.037688 0.125000
0.0 0.322864 0.707589 0.037688 0.156250
0.0 0.271357 0.897321 0.045226 0.151786
0.0 0.507538 0.904018 0.045226 0.147321
0.0 0.750000 0.720982 0.042714 0.147321
0.0 0.559045 0.618304 0.037688 0.129464
0.0 0.513819 0.482143 0.037688 0.107143
0.0 0.459799 0.350446 0.035176 0.102679
0.0 0.634422 0.366071 0.042714 0.107143
0.0 0.635678 0.482143 0.040201 0.125000
0.0 0.762563 0.415179 0.037688 0.089286
0.0 0.885678 0.500000 0.042714 0.133929
0.0 0.987437 0.406250 0.025126 0.098214
0.0 0.956030 0.292411 0.032663 0.075893
1.0 0.785176 0.473214 0.037688 0.116071
