0.0 0.057789 0.508929 0.035176 0.142857
0.0 0.258794 0.178571 0.025126 0.089286
0.0 0.670854 0.104911 0.025126 0.093750
0.0 0.785176 0.185268 0.027638 0.084821
0.0 0.640703 0.419643 0.030151 0.107143
0.0 0.822864 0.736607 0.037688 0.125000
0.0 0.864322 0.491071 0.035176 0.107143
0.0 0.919598 0.410714 0.035176 0.107143
0.0 0.986181 0.361607 0.027638 0.098214
0.0 0.538945 0.424107 0.037688 0.089286
0.0 0.530151 0.332589 0.030151 0.102679
0.0 0.496231 0.352679 0.027638 0.089286
1.0 0.971106 0.484375 0.032663 0.120536
2.0 0.316583 0.464286 0.025126 0.035714
