0.0 0.278443 0.583381 0.055786 0.158790
0.0 0.203267 0.333818 0.055206 0.154446
0.0 0.290000 0.186810 0.045683 0.117635
0.0 0.421769 0.205567 0.044525 0.108947
0.0 0.368461 0.295532 0.048579 0.139355
0.0 0.930329 0.951615 0.055657 0.096770
0.0 0.919913 0.633152 0.052311 0.132725
0.0 0.878900 0.475961 0.059194 0.115121
0.0 0.770166 0.439372 0.045683 0.117635
0.0 0.757650 0.523567 0.048707 0.123008
0.0 0.715830 0.469262 0.043818 0.120950
0.0 0.674169 0.481549 0.046842 0.126323
0.0 0.623535 0.386833 0.043239 0.116606
0.0 0.532717 0.516064 0.057200 0.134783
0.0 0.514028 0.414148 0.044397 0.125294
0.0 0.254419 0.240652 0.032429 0.087455
0.0 0.244284 0.316673 0.043946 0.104603
1.0 0.492055 0.453072 0.047421 0.130667
2.0 0.650396 0.437135 0.018723 0.036583
