0.0 0.918249 0.347212 0.041058 0.094905
0.0 0.878956 0.446580 0.036198 0.112613
0.0 0.809168 0.508883 0.041263 0.117223
0.0 0.827829 0.352070 0.041181 0.108296
0.0 0.762840 0.389676 0.036074 0.099222
0.0 0.653435 0.379458 0.033891 0.134859
0.0 0.563343 0.420025 0.038874 0.130541
0.0 0.485653 0.306194 0.036115 0.103686
0.0 0.492275 0.616311 0.049046 0.144224
0.0 0.616802 0.358197 0.025779 0.072149
0.0 0.226048 0.358381 0.038628 0.103759
0.0 0.220896 0.481315 0.046370 0.126296
0.0 0.266818 0.419705 0.038792 0.121614
0.0 0.298221 0.418794 0.041468 0.139542
0.0 0.341065 0.705535 0.051805 0.171079
1.0 0.645730 0.498001 0.041468 0.139541
2.0 0.687891 0.164143 0.015320 0.027220
