0.0 0.793390 0.183565 0.025298 0.093895
0.0 0.935546 0.289884 0.027827 0.102838
0.0 0.982192 0.378900 0.030356 0.111781
0.0 0.922022 0.450677 0.035381 0.111811
0.0 0.838397 0.748039 0.042992 0.152033
0.0 0.730013 0.561166 0.032893 0.125189
0.0 0.587759 0.401276 0.030364 0.116246
0.0 0.550177 0.459530 0.030364 0.116246
0.0 0.548030 0.658204 0.035413 0.129668
0.0 0.587503 0.945924 0.037885 0.107361
0.0 0.317619 0.380521 0.032860 0.107332
0.0 0.287849 0.588284 0.047993 0.138669
0.0 0.208630 0.548565 0.035397 0.120739
1.0 0.941141 0.600121 0.032909 0.134117
2.0 0.344054 0.409386 0.015133 0.031337
