0.0 0.307789 0.727679 0.052764 0.125000
0.0 0.319095 0.566964 0.050251 0.116071
0.0 0.288945 0.946429 0.045226 0.107143
0.0 0.466080 0.504464 0.032663 0.107143
0.0 0.440955 0.397321 0.047739 0.098214
0.0 0.508794 0.310268 0.032663 0.102679
0.0 0.613065 0.178571 0.035176 0.089286
0.0 0.562814 0.439732 0.030151 0.093750
0.0 0.733668 0.479911 0.040201 0.102679
0.0 0.837940 0.598214 0.042714 0.107143
0.0 0.932161 0.883929 0.055276 0.160714
0.0 0.881910 0.453125 0.035176 0.102679
0.0 0.915829 0.270089 0.027638 0.084821
1.0 0.675879 0.522321 0.040201 0.116071
