0.0 0.198954 0.497707 0.053983 0.145723
0.0 0.170863 0.626439 0.063049 0.161832
0.0 0.099352 0.855924 0.061180 0.165153
0.0 0.372663 0.454738 0.050961 0.140353
0.0 0.371848 0.886233 0.066648 0.171547
0.0 0.416927 0.282536 0.043186 0.116578
0.0 0.493657 0.452204 0.060166 0.140106
0.0 0.464406 0.290164 0.042033 0.107888
0.0 0.503384 0.253192 0.042610 0.112233
0.0 0.667302 0.175339 0.048793 0.106617
0.0 0.570759 0.410725 0.034835 0.088458
0.0 0.601568 0.487258 0.059589 0.135761
0.0 0.981927 0.643991 0.036147 0.185607
0.0 0.931057 0.071708 0.044340 0.125268
0.0 0.856042 0.119192 0.054837 0.117356
0.0 0.863203 0.260674 0.045493 0.133959
0.0 0.842854 0.292133 0.041894 0.124244
1.0 0.708870 0.401019 0.055851 0.142402
2.0 0.501665 0.279139 0.018133 0.032218
