0.0 0.917085 0.377232 0.045226 0.102679
0.0 0.520101 0.493304 0.030151 0.102679
0.0 0.507538 0.589286 0.020100 0.116071
0.0 0.489950 0.584821 0.020100 0.116071
0.0 0.375628 0.457589 0.022613 0.111607
0.0 0.221106 0.292411 0.030151 0.102679
0.0 0.277638 0.526786 0.027638 0.125000
0.0 0.096734 0.714286 0.032663 0.151786
0.0 0.101759 0.453125 0.027638 0.111607
0.0 0.321608 0.330357 0.030151 0.098214
0.0 0.364322 0.366071 0.025126 0.098214
0.0 0.389447 0.386161 0.030151 0.102679
0.0 0.420854 0.377232 0.027638 0.102679
0.0 0.434673 0.406250 0.025126 0.107143
0.0 0.458543 0.426339 0.027638 0.093750
0.0 0.481156 0.448661 0.032663 0.102679
0.0 0.271357 0.803571 0.040201 0.151786
1.0 0.315327 0.593750 0.032663 0.133929
2.0 0.255025 0.779018 0.022613 0.031250
