0.0 0.683417 0.928571 0.050251 0.142857
0.0 0.396985 0.687500 0.050251 0.151786
0.0 0.095477 0.720982 0.050251 0.138393
0.0 0.025126 0.477679 0.035176 0.142857
0.0 0.041457 0.363839 0.037688 0.120536
0.0 0.136935 0.392857 0.042714 0.125000
0.0 0.169598 0.265625 0.027638 0.120536
0.0 0.190955 0.299107 0.030151 0.133929
0.0 0.383166 0.337054 0.032663 0.120536
0.0 0.443467 0.435268 0.037688 0.129464
0.0 0.538945 0.343750 0.032663 0.116071
0.0 0.665829 0.319196 0.030151 0.111607
0.0 0.713568 0.305804 0.030151 0.102679
0.0 0.927136 0.334821 0.035176 0.116071
0.0 0.692211 0.218750 0.032663 0.089286
0.0 0.654523 0.243304 0.027638 0.075893
0.0 0.579146 0.290179 0.032663 0.116071
1.0 0.711055 0.419643 0.040201 0.133929
2.0 0.580402 0.328125 0.015075 0.031250
