0.0 0.864322 0.593750 0.040201 0.151786
0.0 0.665829 0.375000 0.040201 0.107143
0.0 0.760050 0.272321 0.042714 0.116071
0.0 0.427136 0.232143 0.030151 0.107143
0.0 0.368090 0.397321 0.042714 0.125000
0.0 0.316583 0.640625 0.030151 0.129464
0.0 0.287688 0.642857 0.032663 0.125000
0.0 0.260050 0.587054 0.037688 0.138393
0.0 0.026382 0.321429 0.027638 0.098214
0.0 0.050251 0.214286 0.040201 0.098214
0.0 0.559045 0.714286 0.047739 0.125000
1.0 0.140704 0.441964 0.040201 0.125000
2.0 0.636935 0.647321 0.022613 0.044643
