0.0 0.767578 0.882639 0.039844 0.137500
0.0 0.610938 0.869444 0.037500 0.136111
0.0 0.483594 0.792361 0.034375 0.134722
0.0 0.431250 0.575694 0.028125 0.112500
0.0 0.311719 0.581250 0.032812 0.112500
0.0 0.241406 0.529861 0.042187 0.104167
0.0 0.266797 0.633333 0.032031 0.105556
0.0 0.377734 0.413194 0.030469 0.090278
0.0 0.396094 0.367361 0.025000 0.073611
0.0 0.200000 0.293750 0.028125 0.079167
0.0 0.629297 0.319444 0.024219 0.088889
0.0 0.631250 0.395139 0.028125 0.079167
0.0 0.591406 0.415278 0.025000 0.088889
1.0 0.787891 0.531944 0.036719 0.105556
2.0 0.527344 0.400000 0.018750 0.025000
