0.0 0.237387 0.893361 0.041593 0.139076
0.0 0.393819 0.873835 0.039232 0.137592
0.0 0.520143 0.791622 0.036090 0.136078
0.0 0.569701 0.572894 0.029557 0.113608
0.0 0.689272 0.573615 0.034244 0.113798
0.0 0.758909 0.519395 0.043509 0.105846
0.0 0.734849 0.623868 0.033374 0.106824
0.0 0.621123 0.408272 0.031616 0.091487
0.0 0.602182 0.363193 0.025935 0.074603
0.0 0.797283 0.281671 0.029131 0.080284
0.0 0.368426 0.324720 0.025350 0.089845
0.0 0.367442 0.400474 0.029131 0.080284
0.0 0.407533 0.418996 0.026131 0.089877
1.0 0.212593 0.543579 0.038060 0.107013
2.0 0.471384 0.401132 0.019065 0.025752
