0.0 0.230794 0.463928 0.044689 0.144321
0.0 0.288053 0.575521 0.049717 0.140044
0.0 0.240755 0.717201 0.049060 0.152091
0.0 0.279556 0.741979 0.039562 0.147220
0.0 0.471686 0.872597 0.054800 0.168303
0.0 0.560329 0.533883 0.045545 0.135030
0.0 0.524823 0.450946 0.040679 0.120372
0.0 0.587919 0.222359 0.038299 0.087308
0.0 0.372000 0.357593 0.033965 0.101228
0.0 0.390165 0.325456 0.033767 0.098473
0.0 0.796946 0.522060 0.047708 0.154494
0.0 0.752409 0.368367 0.040264 0.104016
0.0 0.795833 0.375291 0.040084 0.112106
1.0 0.671535 0.481280 0.041193 0.138105
2.0 0.405188 0.238726 0.016707 0.030903
