0.0 0.775781 0.915278 0.040625 0.144444
0.0 0.613672 0.875694 0.039844 0.148611
0.0 0.432031 0.790972 0.040625 0.143056
0.0 0.195703 0.694444 0.035156 0.127778
0.0 0.218359 0.325694 0.030469 0.084722
0.0 0.233984 0.509722 0.036719 0.116667
0.0 0.292578 0.553472 0.033594 0.126389
0.0 0.461719 0.567361 0.035938 0.118056
0.0 0.346484 0.447917 0.033594 0.104167
0.0 0.379297 0.375000 0.027344 0.077778
0.0 0.512891 0.413194 0.038281 0.084722
0.0 0.576172 0.400000 0.030469 0.091667
0.0 0.627344 0.352778 0.028125 0.094444
1.0 0.786719 0.522917 0.039062 0.104167
2.0 0.627734 0.381944 0.011719 0.019444
