0.0 0.063281 0.916667 0.067188 0.150000
0.0 0.171875 0.633333 0.045313 0.122222
0.0 0.263672 0.762500 0.049219 0.138889
0.0 0.573438 0.727083 0.048437 0.118056
0.0 0.648438 0.516667 0.032812 0.108333
0.0 0.676562 0.522222 0.028125 0.108333
0.0 0.525000 0.254861 0.032812 0.087500
0.0 0.487500 0.273611 0.026563 0.080556
0.0 0.471484 0.326389 0.021094 0.097222
0.0 0.427734 0.368750 0.030469 0.093056
0.0 0.397266 0.427083 0.046094 0.104167
0.0 0.311719 0.513194 0.042187 0.134722
0.0 0.492188 0.547917 0.032812 0.104167
0.0 0.454687 0.526389 0.031250 0.105556
0.0 0.486328 0.460417 0.025781 0.098611
1.0 0.725781 0.388889 0.026563 0.105556
2.0 0.596484 0.491667 0.019531 0.033333
