0.0 0.182754 0.473847 0.042613 0.130440
0.0 0.158507 0.581277 0.041265 0.140046
0.0 0.260674 0.361101 0.041589 0.119283
0.0 0.417541 0.320543 0.030893 0.093599
0.0 0.199506 0.636936 0.041265 0.140046
0.0 0.356483 0.787503 0.049284 0.150302
0.0 0.506871 0.311444 0.031075 0.101926
0.0 0.544442 0.434277 0.040058 0.120563
0.0 0.537218 0.549837 0.046699 0.139037
0.0 0.685855 0.260604 0.036327 0.092589
0.0 0.755479 0.383574 0.041974 0.101295
0.0 0.862008 0.392346 0.031947 0.106143
0.0 0.743058 0.557846 0.042887 0.142930
1.0 0.679212 0.492264 0.040423 0.137217
2.0 0.571863 0.253400 0.012977 0.023071
