0.0 0.131733 0.216526 0.030843 0.121130
0.0 0.526760 0.184285 0.039333 0.087881
0.0 0.440955 0.393170 0.036337 0.129517
0.0 0.354999 0.650665 0.051971 0.132448
0.0 0.313134 0.672477 0.049601 0.124091
0.0 0.697192 0.524849 0.044991 0.149045
0.0 0.813836 0.826691 0.036445 0.164239
0.0 0.740059 0.305821 0.037076 0.115636
0.0 0.763084 0.060904 0.026829 0.086370
0.0 0.620169 0.294924 0.030019 0.107234
0.0 0.943388 0.366842 0.037904 0.130921
0.0 0.938052 0.198038 0.032362 0.107257
0.0 0.979861 0.194280 0.033118 0.098931
1.0 0.826285 0.465002 0.046511 0.135172
2.0 0.095532 0.679373 0.021987 0.036325
