0.0 0.633224 0.337572 0.054480 0.103093
0.0 0.599033 0.355199 0.039728 0.105991
0.0 0.452456 0.421191 0.040137 0.103597
0.0 0.483328 0.461239 0.045056 0.108182
0.0 0.547271 0.548984 0.044068 0.128267
0.0 0.714210 0.799649 0.056667 0.164186
0.0 0.479578 0.820602 0.052214 0.152109
0.0 0.405294 0.533252 0.043659 0.130660
0.0 0.355335 0.593004 0.051447 0.135144
0.0 0.299348 0.572552 0.048635 0.130146
0.0 0.266816 0.470462 0.041603 0.109323
0.0 0.251984 0.877149 0.057133 0.156694
1.0 0.909677 0.351451 0.048169 0.137638
2.0 0.469680 0.356370 0.023897 0.034163
