0.0 0.224294 0.384935 0.036948 0.094106
0.0 0.251040 0.532059 0.038109 0.124592
0.0 0.195496 0.769829 0.045969 0.147608
0.0 0.433639 0.813548 0.042640 0.141690
0.0 0.638787 0.864719 0.053776 0.169238
0.0 0.807003 0.902240 0.047568 0.128490
0.0 0.491000 0.572079 0.038519 0.114986
0.0 0.357861 0.489270 0.035401 0.114611
0.0 0.309366 0.562623 0.041121 0.122196
0.0 0.399672 0.404889 0.030554 0.089199
0.0 0.477590 0.435878 0.035758 0.103619
0.0 0.583268 0.393923 0.029312 0.097325
0.0 0.624277 0.360449 0.030712 0.093356
1.0 0.832765 0.478734 0.035348 0.113225
2.0 0.604704 0.391343 0.011863 0.026257
