0.0 0.656759 0.430621 0.050526 0.097009
0.0 0.621259 0.425885 0.034966 0.102875
0.0 0.470953 0.396615 0.035538 0.100301
0.0 0.492002 0.453323 0.040389 0.104133
0.0 0.534656 0.575273 0.038133 0.125270
0.0 0.641768 0.913874 0.049081 0.160300
0.0 0.417821 0.787679 0.045173 0.148564
0.0 0.404731 0.472293 0.037560 0.127845
0.0 0.346174 0.497225 0.045408 0.131019
0.0 0.297741 0.443268 0.042781 0.126349
0.0 0.287339 0.327400 0.036717 0.105989
0.0 0.193468 0.699208 0.050024 0.152397
1.0 0.913039 0.615442 0.041838 0.134252
2.0 0.499838 0.346589 0.022837 0.031020
