0.0 0.178587 0.461368 0.055900 0.149917
0.0 0.216362 0.364115 0.050498 0.132386
0.0 0.284916 0.269014 0.055912 0.126154
0.0 0.449692 0.296330 0.042755 0.103755
0.0 0.522312 0.318715 0.044737 0.117190
0.0 0.720016 0.352774 0.041763 0.097038
0.0 0.555551 0.451962 0.050102 0.129699
0.0 0.554723 0.564293 0.053435 0.147516
0.0 0.344406 0.749786 0.063606 0.173527
0.0 0.205591 0.519194 0.054191 0.147869
0.0 0.748956 0.665657 0.063098 0.155776
0.0 0.782863 0.493370 0.046533 0.105518
0.0 0.840101 0.535144 0.043746 0.110472
1.0 0.679901 0.561653 0.057733 0.143266
2.0 0.563585 0.266171 0.020392 0.033279
