0.0 0.709026 0.972612 0.059555 0.054777
0.0 0.557546 0.914147 0.059381 0.161558
0.0 0.393464 0.751782 0.059360 0.156522
0.0 0.178063 0.553803 0.051926 0.139306
0.0 0.251590 0.206655 0.041363 0.095531
0.0 0.240981 0.391809 0.051885 0.129235
0.0 0.291614 0.460089 0.050218 0.137270
0.0 0.453499 0.548320 0.051323 0.130235
0.0 0.358593 0.381682 0.047110 0.115746
0.0 0.400575 0.325563 0.037365 0.087423
0.0 0.524629 0.421621 0.048930 0.098985
0.0 0.587767 0.436818 0.042334 0.102257
0.0 0.643937 0.413703 0.040453 0.103912
1.0 0.774505 0.648958 0.052407 0.118164
2.0 0.640236 0.442126 0.014071 0.024015
