0.0 0.247656 0.398611 0.026563 0.102778
0.0 0.326562 0.442361 0.040625 0.115278
0.0 0.381641 0.375000 0.032031 0.088889
0.0 0.384766 0.456250 0.033594 0.109722
0.0 0.401172 0.481944 0.024219 0.111111
0.0 0.432031 0.375694 0.029688 0.106944
0.0 0.511719 0.367361 0.048437 0.043056
0.0 0.560547 0.399306 0.025781 0.123611
0.0 0.602344 0.288889 0.034375 0.088889
0.0 0.646094 0.282639 0.034375 0.098611
0.0 0.735937 0.317361 0.031250 0.106944
0.0 0.765234 0.366667 0.032031 0.113889
0.0 0.666797 0.543056 0.035156 0.147222
0.0 0.780078 0.757639 0.053906 0.156944
1.0 0.948047 0.448611 0.035156 0.122222
2.0 0.460156 0.320139 0.017187 0.023611
