0.0 0.752533 0.582394 0.052494 0.190566
0.0 0.630823 0.526949 0.051021 0.168499
0.0 0.403307 0.577742 0.059739 0.173058
0.0 0.230617 0.483399 0.055478 0.143603
0.0 0.147408 0.474379 0.052664 0.170206
0.0 0.663130 0.433418 0.064065 0.157653
0.0 0.594292 0.333252 0.057858 0.156343
0.0 0.573760 0.385137 0.062737 0.149214
0.0 0.546640 0.409040 0.052283 0.141569
0.0 0.404706 0.386533 0.061093 0.147507
0.0 0.411569 0.336133 0.047759 0.131097
1.0 0.031512 0.735896 0.050535 0.195592
2.0 0.689200 0.611839 0.027496 0.045234
