0.0 0.185217 0.621757 0.039434 0.139134
0.0 0.206294 0.509668 0.036074 0.122333
0.0 0.257272 0.384431 0.042966 0.112928
0.0 0.419823 0.329227 0.031776 0.094389
0.0 0.493080 0.314834 0.031973 0.108273
0.0 0.688316 0.249831 0.031678 0.087447
0.0 0.545848 0.426398 0.036035 0.119556
0.0 0.562620 0.534710 0.037071 0.137641
0.0 0.389605 0.816844 0.044435 0.161559
0.0 0.220201 0.663956 0.037852 0.137675
0.0 0.765048 0.536073 0.046502 0.142225
0.0 0.770673 0.353819 0.035681 0.094564
0.0 0.832188 0.365655 0.031874 0.101331
1.0 0.682450 0.470302 0.042440 0.130943
2.0 0.524509 0.243962 0.017556 0.027149
