0.0 0.186821 0.406263 0.050748 0.137402
0.0 0.155488 0.507735 0.050074 0.146560
0.0 0.271797 0.310980 0.048985 0.126211
0.0 0.430269 0.304228 0.036725 0.098662
0.0 0.192428 0.571750 0.050074 0.146560
0.0 0.338090 0.754760 0.058655 0.158363
0.0 0.519566 0.314278 0.037469 0.106890
0.0 0.548563 0.444248 0.047566 0.127141
0.0 0.533579 0.557427 0.055349 0.146732
0.0 0.700689 0.302043 0.042000 0.098834
0.0 0.761497 0.438995 0.048144 0.108605
0.0 0.866662 0.470461 0.038612 0.111224
0.0 0.737386 0.609351 0.051864 0.149743
1.0 0.678436 0.530605 0.049054 0.143597
2.0 0.588011 0.270539 0.014326 0.025468
