0.0 0.769791 0.517435 0.052456 0.148383
0.0 0.705900 0.617001 0.057030 0.145285
0.0 0.744031 0.767162 0.057175 0.156773
0.0 0.703919 0.784106 0.047697 0.150131
0.0 0.504804 0.875885 0.063763 0.173588
0.0 0.437924 0.521731 0.052680 0.139594
0.0 0.478403 0.446338 0.047037 0.124456
0.0 0.430015 0.206684 0.042601 0.092069
0.0 0.636122 0.383813 0.039320 0.104613
0.0 0.620083 0.348281 0.038951 0.101914
0.0 0.203519 0.463150 0.056027 0.158815
0.0 0.257404 0.319227 0.045578 0.108591
0.0 0.213817 0.317513 0.045928 0.116359
1.0 0.330704 0.447445 0.048680 0.141671
2.0 0.610585 0.259116 0.018119 0.033232
