0.0 0.961904 0.817395 0.076192 0.163627
0.0 0.834884 0.560128 0.053471 0.131251
0.0 0.752783 0.708495 0.058508 0.148649
0.0 0.442933 0.741493 0.056282 0.127804
0.0 0.353863 0.549192 0.040101 0.114719
0.0 0.326341 0.560892 0.035449 0.113688
0.0 0.458130 0.262245 0.038651 0.094046
0.0 0.496647 0.272601 0.031965 0.085780
0.0 0.516213 0.321450 0.027699 0.101115
0.0 0.562575 0.353862 0.036711 0.099043
0.0 0.596870 0.405044 0.052990 0.113506
0.0 0.687753 0.471675 0.051240 0.142967
0.0 0.511088 0.545830 0.039811 0.110584
0.0 0.546801 0.516218 0.038357 0.111619
0.0 0.510812 0.457713 0.032447 0.103525
1.0 0.268220 0.439410 0.033705 0.110588
2.0 0.403677 0.512955 0.021701 0.037374
