0.0 0.665925 0.553608 0.031540 0.114142
0.0 0.639567 0.519186 0.038456 0.092562
0.0 0.500054 0.230654 0.029451 0.083813
0.0 0.474907 0.264360 0.046322 0.084769
0.0 0.424978 0.315059 0.036794 0.101706
0.0 0.396863 0.340422 0.032822 0.099483
0.0 0.373212 0.403838 0.046954 0.116139
0.0 0.252091 0.476820 0.043235 0.139772
0.0 0.140370 0.584732 0.058665 0.130909
0.0 0.241267 0.736826 0.067955 0.143795
0.0 0.037762 0.853418 0.075525 0.112903
0.0 0.454557 0.708393 0.051575 0.138872
0.0 0.443249 0.558310 0.035228 0.112228
0.0 0.454786 0.459374 0.029910 0.101565
0.0 0.439134 0.423784 0.034943 0.108093
0.0 0.400908 0.527404 0.039770 0.122723
1.0 0.659697 0.432616 0.042697 0.109781
2.0 0.635737 0.586217 0.015762 0.029232
