0.0 0.715026 0.326274 0.038374 0.094934
0.0 0.475240 0.302111 0.033267 0.105598
0.0 0.553995 0.442406 0.039207 0.121965
0.0 0.579263 0.556822 0.048177 0.147203
0.0 0.783764 0.641592 0.047345 0.137594
0.0 0.773259 0.461656 0.037960 0.116263
0.0 0.804947 0.483677 0.036593 0.109188
0.0 0.447144 0.325338 0.033029 0.102852
0.0 0.259004 0.311794 0.038078 0.117636
0.0 0.253236 0.442309 0.050315 0.137067
0.0 0.209901 0.554814 0.039565 0.143506
0.0 0.231876 0.593149 0.050968 0.135905
0.0 0.394110 0.814606 0.059226 0.170330
1.0 0.694910 0.544906 0.047226 0.136222
2.0 0.491102 0.246728 0.019483 0.033476
