0.0 0.609769 0.370344 0.042593 0.096740
0.0 0.680750 0.325625 0.040305 0.084018
0.0 0.561319 0.206297 0.037279 0.084820
0.0 0.524344 0.167283 0.028531 0.066795
0.0 0.388545 0.292085 0.040343 0.097686
0.0 0.493233 0.601381 0.047494 0.127708
0.0 0.669191 0.787809 0.055753 0.137445
0.0 0.513451 0.784603 0.054894 0.135919
0.0 0.410501 0.765406 0.078177 0.074687
0.0 0.326325 0.574447 0.050238 0.109094
0.0 0.296126 0.673554 0.053259 0.134248
1.0 0.795861 0.418312 0.045168 0.101318
2.0 0.281716 0.598249 0.017702 0.026525
