0.0 0.923828 0.609722 0.041406 0.147222
0.0 0.762109 0.379861 0.033594 0.129167
0.0 0.710547 0.322222 0.038281 0.119444
0.0 0.571094 0.409722 0.028125 0.133333
0.0 0.529688 0.352083 0.039062 0.123611
0.0 0.487500 0.406250 0.043750 0.131944
0.0 0.425000 0.415972 0.032812 0.118056
0.0 0.537500 0.570833 0.037500 0.141667
0.0 0.583203 0.519444 0.058594 0.116667
0.0 0.738672 0.557639 0.036719 0.131944
0.0 0.219531 0.733333 0.042188 0.177778
0.0 0.232031 0.647917 0.028125 0.159722
0.0 0.292969 0.530556 0.045313 0.150000
0.0 0.389844 0.513889 0.035937 0.138889
0.0 0.381250 0.455556 0.035937 0.122222
0.0 0.173047 0.372222 0.038281 0.127778
1.0 0.684375 0.656250 0.029688 0.162500
2.0 0.707031 0.600000 0.021875 0.033333
