0.0 0.237252 0.389730 0.037409 0.139273
0.0 0.284021 0.515833 0.042783 0.134005
0.0 0.224873 0.642666 0.041428 0.146418
0.0 0.261026 0.677898 0.032011 0.143153
0.0 0.439346 0.860188 0.046365 0.161934
0.0 0.556618 0.550195 0.038810 0.129637
0.0 0.528823 0.458429 0.034677 0.115550
0.0 0.611200 0.250133 0.034127 0.082231
0.0 0.386059 0.323847 0.028912 0.097217
0.0 0.406821 0.297139 0.028867 0.094441
0.0 0.791377 0.604121 0.039912 0.149114
0.0 0.760868 0.439960 0.035183 0.098931
0.0 0.803153 0.458839 0.034539 0.107220
1.0 0.671079 0.529068 0.034194 0.133557
2.0 0.429269 0.215636 0.015295 0.028540
