0.0 0.071872 0.478557 0.055026 0.157685
0.0 0.253410 0.301543 0.045584 0.137511
0.0 0.309779 0.260521 0.049262 0.129366
0.0 0.438695 0.389338 0.040600 0.139944
0.0 0.485058 0.345212 0.050434 0.133709
0.0 0.521380 0.411466 0.055858 0.143351
0.0 0.582009 0.440145 0.043740 0.126326
0.0 0.456209 0.558318 0.050641 0.151018
0.0 0.416155 0.493726 0.069003 0.132837
0.0 0.259308 0.483837 0.048931 0.141202
0.0 0.753730 0.815577 0.058751 0.188025
0.0 0.749676 0.727612 0.043152 0.165940
0.0 0.700994 0.593374 0.059143 0.161615
0.0 0.607173 0.547348 0.048833 0.147804
0.0 0.621280 0.492510 0.047221 0.131386
0.0 0.834442 0.474049 0.050068 0.137575
1.0 0.303260 0.597574 0.044959 0.169154
2.0 0.286381 0.535238 0.024773 0.039523
