0.0 0.476899 0.812629 0.059117 0.096556
0.0 0.522422 0.808012 0.044679 0.145312
0.0 0.691188 0.837136 0.039484 0.136076
0.0 0.470964 0.619861 0.050644 0.119315
0.0 0.701584 0.381378 0.042967 0.083705
0.0 0.630698 0.419227 0.037746 0.097604
0.0 0.592623 0.261093 0.037534 0.082588
0.0 0.541659 0.234531 0.031056 0.077171
0.0 0.398297 0.358838 0.049028 0.094480
0.0 0.322930 0.580322 0.040221 0.088585
0.0 0.315765 0.666233 0.041273 0.128277
1.0 0.815846 0.486675 0.045506 0.099201
2.0 0.299180 0.606895 0.016182 0.025108
