0.0 0.693465 0.263204 0.029105 0.088484
0.0 0.474440 0.311983 0.029246 0.100981
0.0 0.423521 0.335328 0.033198 0.105286
0.0 0.249048 0.385299 0.031745 0.114951
0.0 0.226227 0.509748 0.041338 0.134725
0.0 0.200265 0.632919 0.033527 0.134447
0.0 0.227596 0.665980 0.032792 0.138585
0.0 0.402611 0.837562 0.049540 0.169718
0.0 0.548817 0.428803 0.036401 0.112340
0.0 0.576618 0.538252 0.042822 0.127838
0.0 0.777484 0.542214 0.044509 0.139002
0.0 0.772771 0.366652 0.032339 0.098315
0.0 0.807171 0.368206 0.021404 0.097926
1.0 0.690711 0.469594 0.039650 0.123560
