0.0 0.060961 0.678721 0.068372 0.169447
0.0 0.193374 0.486292 0.057904 0.150836
0.0 0.267976 0.656061 0.057318 0.146802
0.0 0.630462 0.835243 0.064565 0.162679
0.0 0.728163 0.629044 0.047387 0.122161
0.0 0.677590 0.624492 0.042872 0.125112
0.0 0.623520 0.327159 0.039774 0.108627
0.0 0.582523 0.298313 0.027085 0.060126
0.0 0.563918 0.351457 0.040530 0.108974
0.0 0.512845 0.375364 0.045020 0.100991
0.0 0.455757 0.410138 0.048363 0.128886
0.0 0.381600 0.448558 0.056513 0.136390
0.0 0.579892 0.472100 0.043190 0.112704
0.0 0.527917 0.552251 0.044508 0.112054
0.0 0.557100 0.462362 0.028403 0.059475
0.0 0.546230 0.501125 0.031990 0.059865
1.0 0.808090 0.525855 0.041848 0.108323
2.0 0.519789 0.458157 0.020351 0.033186
