0.0 0.497266 0.815278 0.053906 0.086111
0.0 0.542188 0.801389 0.035937 0.138889
0.0 0.711719 0.795833 0.031250 0.130556
0.0 0.478906 0.625000 0.043750 0.111111
0.0 0.692578 0.340972 0.038281 0.076389
0.0 0.624609 0.393056 0.032031 0.091667
0.0 0.576562 0.243750 0.032812 0.076389
0.0 0.524219 0.227778 0.026563 0.072222
0.0 0.389844 0.380556 0.043750 0.086111
0.0 0.329297 0.615972 0.035156 0.081944
0.0 0.327734 0.702778 0.033594 0.122222
1.0 0.812891 0.422222 0.039844 0.091667
2.0 0.307422 0.647222 0.014844 0.022222
