0.0 0.963907 0.426968 0.045636 0.121148
0.0 0.672495 0.691278 0.065045 0.143016
0.0 0.608902 0.525817 0.054616 0.123422
0.0 0.588091 0.854258 0.070818 0.165915
0.0 0.394649 0.716115 0.071145 0.145436
0.0 0.520521 0.271287 0.042996 0.094340
0.0 0.410315 0.177681 0.038931 0.096591
0.0 0.400412 0.114727 0.030872 0.072785
0.0 0.377575 0.114536 0.028754 0.073233
0.0 0.276620 0.308274 0.040545 0.103672
0.0 0.527018 0.214634 0.030796 0.089500
0.0 0.298975 0.792491 0.042089 0.139062
0.0 0.318327 0.771295 0.045895 0.128979
1.0 0.700011 0.212180 0.045290 0.106842
2.0 0.318538 0.683694 0.021451 0.038135
