0.0 0.273044 0.934872 0.059302 0.130255
0.0 0.479765 0.901808 0.052228 0.152115
0.0 0.480422 0.796040 0.053029 0.114029
0.0 0.564157 0.586213 0.048406 0.117248
0.0 0.615765 0.425254 0.046588 0.108816
0.0 0.837240 0.112389 0.046988 0.089773
0.0 0.688983 0.544091 0.041380 0.113075
0.0 0.650411 0.583494 0.050633 0.123287
0.0 0.342623 0.489231 0.036397 0.096937
0.0 0.264942 0.477729 0.046988 0.089773
0.0 0.328539 0.350326 0.040322 0.104956
0.0 0.448518 0.338712 0.047926 0.091439
1.0 0.153455 0.628411 0.042429 0.104543
2.0 0.711035 0.556397 0.017754 0.036761
