0.0 0.689273 0.248827 0.034237 0.090771
0.0 0.452096 0.316030 0.028434 0.102560
0.0 0.545854 0.423279 0.033645 0.118324
0.0 0.584253 0.525499 0.041485 0.142664
0.0 0.794217 0.530874 0.041146 0.132960
0.0 0.762392 0.359047 0.032671 0.112693
0.0 0.795991 0.368562 0.031650 0.105676
0.0 0.427428 0.349365 0.028337 0.099787
0.0 0.241983 0.407385 0.032720 0.114079
0.0 0.251988 0.537088 0.044217 0.131918
0.0 0.223128 0.663423 0.032859 0.140332
0.0 0.249193 0.692555 0.044948 0.130617
0.0 0.434240 0.847487 0.051567 0.164489
1.0 0.695817 0.470059 0.041098 0.131574
2.0 0.460957 0.255912 0.018170 0.031002
