0.0 0.845406 0.136788 0.039089 0.126875
0.0 0.451216 0.192726 0.045159 0.095824
0.0 0.551056 0.380868 0.045123 0.136407
0.0 0.654470 0.617205 0.060818 0.142791
0.0 0.697542 0.629527 0.057882 0.133985
0.0 0.306110 0.568545 0.055072 0.157681
0.0 0.211641 0.893974 0.047675 0.170832
0.0 0.248155 0.360782 0.044877 0.122819
0.0 0.208062 0.122917 0.032664 0.091543
0.0 0.366334 0.323285 0.037293 0.112924
0.0 0.050723 0.466580 0.046774 0.138147
0.0 0.044129 0.297916 0.039617 0.113468
0.0 0.011137 0.303494 0.022274 0.105388
1.0 0.173817 0.537902 0.055601 0.144275
2.0 0.913918 0.587935 0.024342 0.040883
