0.0 0.665678 0.555964 0.032005 0.114373
0.0 0.639476 0.521168 0.038807 0.092938
0.0 0.501265 0.230663 0.029780 0.084075
0.0 0.475968 0.264011 0.046621 0.085276
0.0 0.425811 0.313999 0.037191 0.102039
0.0 0.397584 0.338962 0.033217 0.099763
0.0 0.373649 0.402039 0.047398 0.116592
0.0 0.252203 0.473299 0.043795 0.140123
0.0 0.140000 0.579619 0.059153 0.131504
0.0 0.240211 0.733142 0.068484 0.144500
0.0 0.037068 0.846837 0.074136 0.113784
0.0 0.453622 0.707741 0.052115 0.139346
0.0 0.442989 0.557501 0.035676 0.112518
0.0 0.454970 0.458733 0.030320 0.101798
0.0 0.439479 0.422922 0.035373 0.108386
0.0 0.400788 0.525995 0.040258 0.123057
1.0 0.659994 0.434887 0.043120 0.110184
2.0 0.635345 0.588142 0.015866 0.029403
