0.0 0.776563 0.834722 0.045313 0.119444
0.0 0.570703 0.883333 0.035156 0.141667
0.0 0.556641 0.780556 0.041406 0.100000
0.0 0.448438 0.609722 0.035938 0.105556
0.0 0.377734 0.473611 0.035156 0.097222
0.0 0.122266 0.257639 0.038281 0.076389
0.0 0.321484 0.618750 0.028906 0.104167
0.0 0.364062 0.641667 0.037500 0.111111
0.0 0.651953 0.426389 0.025781 0.088889
0.0 0.726172 0.384028 0.038281 0.076389
0.0 0.648047 0.285417 0.028906 0.095833
0.0 0.529688 0.322222 0.039062 0.077778
1.0 0.853906 0.486111 0.031250 0.094444
2.0 0.301562 0.639583 0.014063 0.031944
