0.0 0.853527 0.690877 0.058672 0.149897
0.0 0.928296 0.492365 0.066924 0.157895
0.0 0.821088 0.400466 0.054744 0.140689
0.0 0.668563 0.441932 0.055402 0.154091
0.0 0.600288 0.361474 0.046492 0.132691
0.0 0.549022 0.399642 0.051189 0.142152
0.0 0.612063 0.526402 0.062338 0.135285
0.0 0.495253 0.381891 0.053120 0.132242
0.0 0.444586 0.467579 0.054777 0.155203
0.0 0.340001 0.457066 0.057169 0.163903
0.0 0.282509 0.630910 0.058541 0.184133
0.0 0.263607 0.564633 0.062919 0.176349
0.0 0.271314 0.274056 0.053581 0.150853
0.0 0.540464 0.580459 0.067692 0.158148
0.0 0.441425 0.425569 0.044221 0.146444
1.0 0.755246 0.722705 0.051112 0.169814
2.0 0.559755 0.677236 0.029485 0.047969
