0.0 0.869120 0.471360 0.056700 0.148280
0.0 0.902570 0.239974 0.064901 0.155911
0.0 0.784281 0.216574 0.052889 0.139189
0.0 0.648154 0.345724 0.053322 0.152697
0.0 0.568725 0.310133 0.044688 0.131558
0.0 0.527496 0.376398 0.049271 0.140862
0.0 0.610636 0.458753 0.060657 0.133312
0.0 0.473463 0.391394 0.051394 0.130741
0.0 0.441674 0.502130 0.052671 0.153856
0.0 0.341060 0.553950 0.054938 0.162518
0.0 0.319299 0.751869 0.055973 0.182887
0.0 0.289091 0.700509 0.060533 0.174781
0.0 0.242088 0.421869 0.051537 0.149524
0.0 0.553196 0.552008 0.065673 0.156125
0.0 0.430847 0.464369 0.042154 0.145582
1.0 0.782360 0.559397 0.048714 0.168823
2.0 0.589468 0.631907 0.028967 0.046865
