0.0 0.742542 0.929989 0.048031 0.140022
0.0 0.587642 0.888728 0.045616 0.142563
0.0 0.465779 0.787445 0.042425 0.140577
0.0 0.427021 0.561931 0.034850 0.117277
0.0 0.307861 0.544308 0.039510 0.118184
0.0 0.241115 0.479609 0.048319 0.111716
0.0 0.260015 0.587382 0.038308 0.111130
0.0 0.383780 0.390035 0.035819 0.095641
0.0 0.404839 0.348030 0.029361 0.078014
0.0 0.214422 0.236885 0.032808 0.084142
0.0 0.639590 0.345556 0.029521 0.093050
0.0 0.636894 0.421178 0.032808 0.084142
0.0 0.596053 0.433482 0.030297 0.093201
1.0 0.784221 0.587502 0.042968 0.112038
2.0 0.533308 0.405890 0.020170 0.028482
