0.0 0.283203 0.376389 0.039844 0.083333
0.0 0.250391 0.826389 0.042969 0.147222
0.0 0.356250 0.427083 0.029688 0.095833
0.0 0.384375 0.272222 0.035937 0.094444
0.0 0.461719 0.290972 0.035937 0.073611
0.0 0.606250 0.440972 0.042187 0.101389
0.0 0.538281 0.630556 0.035938 0.108333
0.0 0.454297 0.863889 0.050781 0.119444
0.0 0.445703 0.799306 0.033594 0.112500
0.0 0.645703 0.677778 0.035156 0.116667
0.0 0.678906 0.640972 0.028125 0.106944
0.0 0.941016 0.250694 0.028906 0.081944
1.0 0.162109 0.468056 0.028906 0.102778
2.0 0.710938 0.647222 0.014063 0.027778
