0.0 0.313713 0.245663 0.031592 0.090869
0.0 0.531018 0.314597 0.032098 0.103337
0.0 0.581187 0.342611 0.036162 0.107992
0.0 0.753964 0.408623 0.034997 0.117490
0.0 0.773119 0.535010 0.045134 0.138082
0.0 0.795448 0.660412 0.037342 0.137083
0.0 0.767188 0.690906 0.036732 0.141139
0.0 0.587397 0.846098 0.054331 0.173713
0.0 0.453328 0.424393 0.039560 0.115318
0.0 0.422368 0.531127 0.046412 0.131356
0.0 0.221657 0.516539 0.048420 0.142638
0.0 0.231492 0.341649 0.035102 0.100966
0.0 0.197094 0.340024 0.024193 0.099568
1.0 0.310434 0.452028 0.043126 0.126800
