0.0 0.206154 0.784395 0.051742 0.126834
0.0 0.408294 0.869004 0.042874 0.147159
0.0 0.428012 0.769207 0.046772 0.106797
0.0 0.545198 0.618259 0.041640 0.111363
0.0 0.623135 0.495263 0.040398 0.102933
0.0 0.889377 0.325321 0.042348 0.082752
0.0 0.671025 0.649590 0.034566 0.108743
0.0 0.627379 0.664899 0.043504 0.117166
0.0 0.352893 0.400003 0.030605 0.092990
0.0 0.281399 0.344786 0.042348 0.082752
0.0 0.364632 0.260411 0.034102 0.100451
0.0 0.480360 0.317870 0.043202 0.084272
1.0 0.148606 0.423883 0.036357 0.099481
2.0 0.689688 0.673827 0.015773 0.034263
