0.0 0.753125 0.379167 0.039062 0.113889
0.0 0.720703 0.505556 0.035156 0.133333
0.0 0.763672 0.635417 0.033594 0.143056
0.0 0.735547 0.666667 0.035156 0.141667
0.0 0.554688 0.853472 0.037500 0.154167
0.0 0.316406 0.262500 0.032812 0.091667
0.0 0.232813 0.404167 0.032812 0.097222
0.0 0.191406 0.408333 0.028125 0.102778
0.0 0.190625 0.562500 0.035938 0.144444
0.0 0.413672 0.536806 0.030469 0.134722
0.0 0.450391 0.441667 0.032031 0.119444
0.0 0.557813 0.336111 0.031250 0.097222
0.0 0.568750 0.290278 0.018750 0.052778
1.0 0.302344 0.500000 0.032812 0.130556
2.0 0.545703 0.196528 0.014844 0.026389
