0.0 0.745313 0.634722 0.040625 0.183333
0.0 0.628125 0.554167 0.040625 0.161111
0.0 0.398828 0.556944 0.049219 0.163889
0.0 0.233594 0.427083 0.046875 0.134722
0.0 0.151563 0.400694 0.042187 0.162500
0.0 0.666406 0.468056 0.054688 0.147222
0.0 0.604688 0.354167 0.048437 0.147222
0.0 0.580859 0.401389 0.053906 0.138889
0.0 0.552344 0.419444 0.043750 0.133333
0.0 0.412891 0.367361 0.052344 0.137500
0.0 0.423047 0.318750 0.039844 0.123611
1.0 0.019141 0.636111 0.038281 0.188889
2.0 0.680469 0.650694 0.025000 0.040278
