0.0 0.961719 0.608333 0.032812 0.111111
0.0 0.644922 0.753472 0.050781 0.126389
0.0 0.603125 0.567361 0.042188 0.109722
0.0 0.542578 0.879861 0.053906 0.148611
0.0 0.370703 0.670139 0.057031 0.126389
0.0 0.548047 0.284722 0.033594 0.083333
0.0 0.451953 0.150694 0.028906 0.087500
0.0 0.450000 0.085417 0.023438 0.065278
0.0 0.427734 0.076389 0.021094 0.066667
0.0 0.305469 0.226389 0.029688 0.094444
0.0 0.561328 0.231944 0.021094 0.083333
0.0 0.267969 0.707639 0.026562 0.131944
0.0 0.289453 0.694444 0.032031 0.119444
0.0 0.979687 0.070833 0.020312 0.080556
0.0 0.926172 0.048611 0.024219 0.075000
1.0 0.730469 0.296528 0.034375 0.095833
2.0 0.300391 0.609028 0.017969 0.031944
