0.0 0.242183 0.461853 0.034329 0.108337
0.0 0.323741 0.485711 0.049231 0.124186
0.0 0.373028 0.405412 0.038661 0.095932
0.0 0.382465 0.485105 0.041834 0.116949
0.0 0.400719 0.506503 0.032658 0.116011
0.0 0.422985 0.393667 0.037749 0.113234
0.0 0.501251 0.365753 0.051330 0.054590
0.0 0.552100 0.385341 0.035182 0.128776
0.0 0.584873 0.265681 0.040982 0.096510
0.0 0.627711 0.248697 0.041741 0.106138
0.0 0.719396 0.260916 0.039296 0.113620
0.0 0.752259 0.302516 0.040612 0.120690
0.0 0.668544 0.501485 0.046309 0.154472
0.0 0.797481 0.686042 0.065637 0.168726
1.0 0.939699 0.338562 0.044357 0.129714
2.0 0.446501 0.331710 0.018864 0.027623
