0.0 0.711114 0.348456 0.043174 0.088304
0.0 0.762401 0.792967 0.048926 0.152428
0.0 0.640355 0.408538 0.033561 0.099446
0.0 0.605917 0.257761 0.039737 0.098876
0.0 0.529555 0.286544 0.038877 0.078098
0.0 0.391601 0.454984 0.046256 0.106616
0.0 0.467207 0.635195 0.040310 0.112727
0.0 0.560591 0.856950 0.055572 0.125744
0.0 0.566498 0.791421 0.038144 0.116577
0.0 0.362023 0.696295 0.039874 0.120936
0.0 0.327391 0.663918 0.032461 0.110323
0.0 0.049888 0.308864 0.032209 0.085492
1.0 0.835663 0.424089 0.033068 0.106270
2.0 0.295704 0.674327 0.015171 0.029536
