0.0 0.201811 0.254251 0.050402 0.119726
0.0 0.272640 0.359328 0.069356 0.138361
0.0 0.322296 0.398237 0.049849 0.125773
0.0 0.355617 0.323008 0.043022 0.117652
0.0 0.386578 0.331977 0.047373 0.118358
0.0 0.360478 0.441278 0.047615 0.139874
0.0 0.594935 0.585872 0.059022 0.165174
0.0 0.738733 0.902320 0.074755 0.181095
0.0 0.554073 0.423397 0.049682 0.134511
0.0 0.753012 0.475282 0.047950 0.122396
0.0 0.709501 0.399024 0.043947 0.109255
0.0 0.980989 0.532280 0.038021 0.120708
0.0 0.512449 0.350857 0.063032 0.104024
0.0 0.616314 0.337586 0.036121 0.079277
0.0 0.616807 0.328494 0.034824 0.090024
1.0 0.885997 0.622048 0.049272 0.121734
2.0 0.546267 0.308812 0.018594 0.026028
