0.0 0.117797 0.922023 0.055141 0.155953
0.0 0.207642 0.664918 0.045889 0.142714
0.0 0.309321 0.782117 0.045702 0.138561
0.0 0.684854 0.741211 0.051776 0.153181
0.0 0.739360 0.489621 0.037695 0.115412
0.0 0.690719 0.514657 0.032493 0.120174
0.0 0.585034 0.264965 0.030967 0.103449
0.0 0.540987 0.261480 0.022617 0.055491
0.0 0.533154 0.322508 0.031745 0.103560
0.0 0.489265 0.374735 0.037477 0.093371
0.0 0.441685 0.440723 0.038007 0.122334
0.0 0.378638 0.520059 0.045982 0.127596
0.0 0.570398 0.427281 0.034206 0.106662
0.0 0.535980 0.533196 0.035701 0.105499
0.0 0.547066 0.431298 0.024112 0.054328
0.0 0.543906 0.474245 0.027943 0.053498
1.0 0.795972 0.345714 0.033240 0.102397
2.0 0.511026 0.448968 0.018317 0.028743
