0.0 0.219723 0.427841 0.041003 0.098387
0.0 0.253539 0.570291 0.043645 0.128579
0.0 0.209794 0.815723 0.052515 0.152459
0.0 0.449172 0.822592 0.048947 0.146116
0.0 0.656042 0.841967 0.061264 0.174967
0.0 0.825455 0.853433 0.053149 0.133887
0.0 0.494547 0.573194 0.043576 0.119186
0.0 0.357873 0.511207 0.040489 0.118332
0.0 0.313136 0.591755 0.046493 0.126689
0.0 0.395413 0.420702 0.034466 0.092562
0.0 0.474549 0.439572 0.040300 0.107567
0.0 0.577785 0.381495 0.033643 0.100369
0.0 0.617008 0.341829 0.034827 0.096679
1.0 0.830476 0.427551 0.040368 0.116960
2.0 0.599014 0.375622 0.012970 0.027693
