0.0 0.658528 0.444766 0.052633 0.100274
0.0 0.623207 0.436853 0.037473 0.104611
0.0 0.473924 0.394142 0.037961 0.102127
0.0 0.493337 0.452665 0.042853 0.106353
0.0 0.532476 0.578285 0.041251 0.126971
0.0 0.629844 0.922404 0.053067 0.155191
0.0 0.409763 0.779944 0.048872 0.150576
0.0 0.405639 0.463785 0.040762 0.129455
0.0 0.346449 0.483435 0.048588 0.133311
0.0 0.299609 0.425203 0.045862 0.128465
0.0 0.292506 0.308550 0.039290 0.107841
0.0 0.188206 0.671467 0.053764 0.154803
1.0 0.909237 0.652333 0.045166 0.136165
2.0 0.504191 0.346770 0.023413 0.032684
