0.0 0.398438 0.350694 0.037500 0.090278
0.0 0.330469 0.293056 0.035937 0.077778
0.0 0.456250 0.196528 0.032812 0.079167
0.0 0.495313 0.164583 0.025000 0.062500
0.0 0.623047 0.313889 0.035156 0.091667
0.0 0.500781 0.602083 0.040625 0.120833
0.0 0.314844 0.754861 0.048437 0.129167
0.0 0.469922 0.780556 0.047656 0.127778
0.0 0.573438 0.780556 0.075000 0.061111
0.0 0.668359 0.606250 0.044531 0.101389
0.0 0.692578 0.710417 0.046094 0.126389
1.0 0.210547 0.363889 0.039844 0.094444
2.0 0.711328 0.638194 0.016406 0.023611
