0.0 0.752927 0.377866 0.039248 0.114089
0.0 0.720711 0.504421 0.035373 0.133513
0.0 0.763891 0.634061 0.033826 0.143228
0.0 0.735817 0.665456 0.035386 0.141847
0.0 0.555262 0.853190 0.037751 0.154359
0.0 0.316021 0.263444 0.032961 0.091835
0.0 0.232658 0.405540 0.032970 0.097390
0.0 0.191259 0.409919 0.028292 0.102922
0.0 0.190728 0.564089 0.036172 0.144629
0.0 0.413732 0.537249 0.030688 0.134878
0.0 0.450296 0.441922 0.032225 0.119609
0.0 0.557546 0.335815 0.031408 0.097382
0.0 0.568409 0.289925 0.018836 0.052874
1.0 0.302345 0.501016 0.033025 0.130724
2.0 0.545210 0.196294 0.014887 0.026465
