0.0 0.717947 0.344309 0.037379 0.095716
0.0 0.498231 0.306596 0.038782 0.107965
0.0 0.445672 0.309541 0.043077 0.113433
0.0 0.269280 0.290344 0.042637 0.122406
0.0 0.231677 0.402880 0.054006 0.144784
0.0 0.191167 0.512948 0.046350 0.142014
0.0 0.213759 0.555851 0.046052 0.145819
0.0 0.363377 0.791430 0.065558 0.181580
0.0 0.556405 0.449547 0.046918 0.121346
0.0 0.570043 0.567165 0.054757 0.138534
0.0 0.765541 0.649264 0.057535 0.149976
0.0 0.782578 0.476132 0.041532 0.106351
0.0 0.815950 0.491046 0.030815 0.102472
1.0 0.689825 0.544612 0.051228 0.133343
