0.0 0.280858 0.343371 0.040280 0.096682
0.0 0.519807 0.300356 0.035527 0.106765
0.0 0.444624 0.446712 0.041806 0.123379
0.0 0.422230 0.563005 0.051301 0.148980
0.0 0.220041 0.663790 0.050231 0.139446
0.0 0.226054 0.483203 0.040429 0.117659
0.0 0.194946 0.507697 0.038898 0.110577
0.0 0.548454 0.321348 0.035221 0.104041
0.0 0.736072 0.293009 0.040582 0.119021
0.0 0.745085 0.422941 0.053142 0.139171
0.0 0.791180 0.531925 0.042721 0.144627
0.0 0.770181 0.571952 0.053756 0.138081
0.0 0.613622 0.805962 0.062789 0.172673
1.0 0.306399 0.560205 0.050078 0.138084
2.0 0.502581 0.246276 0.020067 0.034584
