0.0 0.135547 0.585417 0.046094 0.134722
0.0 0.166406 0.490972 0.048438 0.131944
0.0 0.242969 0.382639 0.031250 0.112500
0.0 0.405859 0.314583 0.030469 0.095833
0.0 0.505078 0.314583 0.030469 0.095833
0.0 0.657422 0.234722 0.030469 0.075000
0.0 0.532031 0.435417 0.042187 0.120833
0.0 0.508594 0.554167 0.035938 0.136111
0.0 0.346094 0.784722 0.039062 0.150000
0.0 0.189453 0.641667 0.041406 0.138889
0.0 0.719531 0.358333 0.031250 0.097222
0.0 0.880469 0.363889 0.031250 0.097222
0.0 0.719922 0.533333 0.038281 0.119444
1.0 0.672266 0.472917 0.038281 0.120833
2.0 0.604297 0.252083 0.016406 0.020833
