0.0 0.864453 0.585417 0.046094 0.134722
0.0 0.833594 0.490972 0.048438 0.131944
0.0 0.757031 0.382639 0.031250 0.112500
0.0 0.594141 0.314583 0.030469 0.095833
0.0 0.494922 0.314583 0.030469 0.095833
0.0 0.342578 0.234722 0.030469 0.075000
0.0 0.467969 0.435417 0.042187 0.120833
0.0 0.491406 0.554167 0.035937 0.136111
0.0 0.653906 0.784722 0.039062 0.150000
0.0 0.810547 0.641667 0.041406 0.138889
0.0 0.280469 0.358333 0.031250 0.097222
0.0 0.119531 0.363889 0.031250 0.097222
0.0 0.280078 0.533333 0.038281 0.119444
1.0 0.327734 0.472917 0.038281 0.120833
2.0 0.395703 0.252083 0.016406 0.020833
