0.0 0.158914 0.743725 0.063477 0.150858
0.0 0.175606 0.638611 0.065359 0.149203
0.0 0.234626 0.499855 0.045993 0.122776
0.0 0.382897 0.361982 0.042907 0.106287
0.0 0.479004 0.318155 0.042907 0.106287
0.0 0.615409 0.173505 0.039995 0.086107
0.0 0.522000 0.423293 0.057753 0.135679
0.0 0.515895 0.548672 0.053834 0.147717
0.0 0.390714 0.843777 0.058802 0.162551
0.0 0.218992 0.774399 0.059519 0.152823
0.0 0.692847 0.265804 0.043858 0.107977
0.0 0.849514 0.200096 0.043858 0.107977
0.0 0.717684 0.435144 0.053775 0.132608
1.0 0.663078 0.397673 0.053969 0.133954
2.0 0.566376 0.213788 0.018804 0.027427
