0.0 0.124814 0.246820 0.033184 0.122919
0.0 0.518596 0.182437 0.041015 0.090228
0.0 0.438264 0.398091 0.038837 0.131637
0.0 0.359035 0.662317 0.054512 0.135532
0.0 0.317776 0.687517 0.051982 0.127038
0.0 0.697625 0.508761 0.047865 0.151682
0.0 0.821926 0.800785 0.039624 0.166331
0.0 0.734802 0.286472 0.039303 0.117815
0.0 0.751491 0.041954 0.028493 0.083909
0.0 0.614757 0.285352 0.032088 0.108985
0.0 0.939491 0.330867 0.040430 0.133137
0.0 0.929810 0.162674 0.034430 0.109153
0.0 0.971478 0.155515 0.035022 0.100882
1.0 0.825041 0.438462 0.049111 0.137916
2.0 0.100579 0.712130 0.022676 0.037649
