0.0 0.244368 0.283321 0.040656 0.098038
0.0 0.252901 0.437192 0.043169 0.128266
0.0 0.170182 0.648520 0.051952 0.152077
0.0 0.397646 0.781283 0.048404 0.145769
0.0 0.591978 0.908851 0.060621 0.174513
0.0 0.751857 0.971196 0.052672 0.057608
0.0 0.482583 0.567027 0.043142 0.118851
0.0 0.362397 0.435771 0.040051 0.118039
0.0 0.306236 0.489110 0.046032 0.126330
0.0 0.413346 0.369130 0.034131 0.092292
0.0 0.485774 0.428872 0.039910 0.107250
0.0 0.594054 0.427834 0.033270 0.100130
0.0 0.638129 0.410632 0.034473 0.096414
1.0 0.827695 0.605041 0.039937 0.116665
2.0 0.615307 0.433418 0.012876 0.027574
