0.0 0.083951 0.806714 0.055519 0.159501
0.0 0.196402 0.577633 0.046230 0.142989
0.0 0.285921 0.722835 0.046033 0.138837
0.0 0.660156 0.791742 0.052141 0.153497
0.0 0.737088 0.559403 0.037971 0.115639
0.0 0.686798 0.569949 0.032786 0.120354
0.0 0.605524 0.292874 0.031216 0.103629
0.0 0.562392 0.276621 0.022746 0.055638
0.0 0.549047 0.334548 0.031994 0.103747
0.0 0.500941 0.373300 0.037695 0.093613
0.0 0.447928 0.424555 0.038301 0.122558
0.0 0.378428 0.484478 0.046283 0.127883
0.0 0.576143 0.448744 0.034462 0.106866
0.0 0.532439 0.543217 0.035953 0.105717
0.0 0.552756 0.445919 0.024237 0.054488
0.0 0.545685 0.487366 0.028063 0.053691
1.0 0.806184 0.433907 0.033485 0.102597
2.0 0.515575 0.452864 0.018379 0.028874
