0.0 0.132812 0.572917 0.045313 0.137500
0.0 0.079687 0.353472 0.053125 0.143056
0.0 0.194531 0.297917 0.042187 0.129167
0.0 0.340234 0.388194 0.041406 0.143056
0.0 0.415625 0.331250 0.034375 0.123611
0.0 0.462109 0.385417 0.038281 0.131944
0.0 0.387109 0.489583 0.050781 0.120833
0.0 0.516797 0.385417 0.041406 0.120833
0.0 0.557813 0.486111 0.040625 0.144444
0.0 0.661719 0.509722 0.042188 0.152778
0.0 0.700391 0.699306 0.041406 0.173611
0.0 0.725781 0.640278 0.046875 0.163889
0.0 0.748047 0.352083 0.039844 0.140278
0.0 0.451953 0.565972 0.053906 0.143056
0.0 0.565234 0.445833 0.030469 0.138889
1.0 0.226172 0.636111 0.035156 0.161111
2.0 0.423047 0.654861 0.025781 0.040278
