0.0 0.668625 0.495662 0.028620 0.112550
0.0 0.639025 0.470932 0.036231 0.090106
0.0 0.470809 0.235701 0.027377 0.082074
0.0 0.449794 0.277402 0.044406 0.081514
0.0 0.406308 0.344281 0.034289 0.099501
0.0 0.381477 0.378815 0.030336 0.097613
0.0 0.365156 0.449154 0.044148 0.113174
0.0 0.254236 0.562328 0.039711 0.137405
0.0 0.156333 0.706547 0.055565 0.127048
0.0 0.271846 0.821158 0.064589 0.139235
0.0 0.084714 0.975891 0.073362 0.048217
0.0 0.478039 0.720068 0.048169 0.135740
0.0 0.450648 0.576687 0.032403 0.110281
0.0 0.451225 0.475654 0.027332 0.099982
0.0 0.432004 0.446104 0.032234 0.106126
0.0 0.405747 0.560893 0.036695 0.120481
1.0 0.649377 0.379082 0.040026 0.107131
2.0 0.642546 0.538016 0.015100 0.028128
