0.0 0.183975 0.444068 0.046268 0.133736
0.0 0.156568 0.549070 0.045214 0.143162
0.0 0.265139 0.338803 0.044917 0.122544
0.0 0.422993 0.313044 0.033514 0.095994
0.0 0.195855 0.608504 0.045214 0.143162
0.0 0.348134 0.773613 0.053495 0.154117
0.0 0.512468 0.312353 0.033944 0.104292
0.0 0.546335 0.438546 0.043433 0.123672
0.0 0.535684 0.553265 0.050588 0.142671
0.0 0.692713 0.278406 0.038888 0.095502
0.0 0.758584 0.407747 0.044763 0.104692
0.0 0.864703 0.426518 0.034937 0.108568
0.0 0.740998 0.580608 0.046913 0.146183
1.0 0.679191 0.509118 0.044292 0.140269
2.0 0.579096 0.260499 0.013594 0.024167
