0.0 0.177806 0.791103 0.058257 0.157201
0.0 0.340683 0.819006 0.058037 0.160935
0.0 0.528417 0.810988 0.058077 0.155850
0.0 0.770897 0.813888 0.050775 0.138742
0.0 0.796656 0.445783 0.040632 0.094925
0.0 0.757594 0.618454 0.050855 0.128571
0.0 0.694906 0.637019 0.049074 0.136751
0.0 0.528518 0.581233 0.050275 0.129602
0.0 0.656135 0.512218 0.046194 0.115127
0.0 0.633659 0.427820 0.036691 0.086887
0.0 0.498710 0.410250 0.048234 0.098126
0.0 0.438843 0.371482 0.041532 0.101683
0.0 0.395170 0.304565 0.039612 0.103425
1.0 0.218029 0.404823 0.051515 0.117367
2.0 0.391009 0.332786 0.013924 0.023722
