0.0 0.816406 0.607639 0.037500 0.137500
0.0 0.793750 0.496528 0.034375 0.120833
0.0 0.741016 0.373611 0.041406 0.111111
0.0 0.577734 0.325694 0.030469 0.093056
0.0 0.504297 0.314583 0.030469 0.106944
0.0 0.308203 0.258333 0.030469 0.086111
0.0 0.453125 0.428472 0.034375 0.118056
0.0 0.437891 0.537500 0.035156 0.136111
0.0 0.614844 0.811806 0.042188 0.159722
0.0 0.782031 0.651389 0.035937 0.136111
0.0 0.235547 0.547917 0.044531 0.140278
0.0 0.227344 0.365972 0.034375 0.093056
0.0 0.166016 0.380556 0.030469 0.100000
1.0 0.317187 0.478472 0.040625 0.129167
2.0 0.471875 0.245139 0.017187 0.026389
