0.0 0.255225 0.351100 0.032608 0.107248
0.0 0.331038 0.409637 0.047343 0.122356
0.0 0.389861 0.353162 0.037207 0.094482
0.0 0.388068 0.434539 0.040017 0.115493
0.0 0.402830 0.463212 0.030780 0.115087
0.0 0.439919 0.363456 0.035966 0.111986
0.0 0.519650 0.370359 0.050755 0.052039
0.0 0.566270 0.411426 0.033087 0.127812
0.0 0.614485 0.309612 0.039537 0.094928
0.0 0.658360 0.311737 0.040124 0.104594
0.0 0.745592 0.363383 0.037519 0.112284
0.0 0.771746 0.417988 0.038715 0.119337
0.0 0.663239 0.574598 0.043832 0.153074
0.0 0.762927 0.809536 0.063060 0.166314
1.0 0.948564 0.534303 0.042324 0.128218
2.0 0.471233 0.313581 0.018512 0.026751
