0.0 0.254687 0.634722 0.040625 0.183333
0.0 0.371875 0.554167 0.040625 0.161111
0.0 0.601172 0.556944 0.049219 0.163889
0.0 0.766406 0.427083 0.046875 0.134722
0.0 0.848437 0.400694 0.042187 0.162500
0.0 0.333594 0.468056 0.054688 0.147222
0.0 0.395312 0.354167 0.048437 0.147222
0.0 0.419141 0.401389 0.053906 0.138889
0.0 0.447656 0.419444 0.043750 0.133333
0.0 0.587109 0.367361 0.052344 0.137500
0.0 0.576953 0.318750 0.039844 0.123611
1.0 0.980859 0.636111 0.038281 0.188889
2.0 0.319531 0.650694 0.025000 0.040278
