0.0 0.823047 0.392361 0.036719 0.106944
0.0 0.739844 0.463194 0.054688 0.118056
0.0 0.686328 0.479167 0.035156 0.113889
0.0 0.664453 0.391667 0.028906 0.108333
0.0 0.633203 0.386806 0.033594 0.106944
0.0 0.643359 0.504167 0.030469 0.130556
0.0 0.396094 0.541667 0.039062 0.152778
0.0 0.212891 0.785417 0.053906 0.162500
0.0 0.458203 0.402083 0.033594 0.123611
0.0 0.258203 0.365278 0.033594 0.111111
0.0 0.310938 0.310417 0.031250 0.098611
0.0 0.025000 0.318750 0.032812 0.109722
0.0 0.508594 0.350000 0.053125 0.083333
0.0 0.409766 0.291667 0.027344 0.069444
0.0 0.410547 0.282639 0.024219 0.081944
1.0 0.108984 0.449306 0.035156 0.109722
2.0 0.481641 0.294444 0.016406 0.019444
