0.0 0.072761 0.446470 0.058118 0.159536
0.0 0.258339 0.283228 0.048319 0.138933
0.0 0.315631 0.246469 0.051732 0.131212
0.0 0.441375 0.384839 0.043476 0.140930
0.0 0.488744 0.344230 0.052995 0.135580
0.0 0.523461 0.413148 0.058575 0.145499
0.0 0.583356 0.446348 0.046223 0.127782
0.0 0.454864 0.554982 0.053635 0.152627
0.0 0.416379 0.487444 0.071244 0.136202
0.0 0.259905 0.465802 0.051706 0.142832
0.0 0.746016 0.834324 0.062548 0.189685
0.0 0.744053 0.746133 0.046643 0.166712
0.0 0.698600 0.608364 0.062268 0.163731
0.0 0.605954 0.555343 0.051775 0.149321
0.0 0.621350 0.501612 0.049776 0.133038
0.0 0.834760 0.499152 0.052732 0.139354
1.0 0.301120 0.582734 0.048503 0.170018
2.0 0.285735 0.519187 0.025371 0.040862
