76 53.000000000000014 61 53.000000000000014 61.00000000000001 82 76 82 0 0
15.000000000000023 162 1.9839278146187122e-14 162 2.2104874724609723e-14 199 15.000000000000023 199 0 0
304 127.00000000000003 283 127.00000000000003 283 162.00000000000006 304 162.00000000000006 0 0
356 85.00000000000004 338 85.00000000000003 338 117.00000000000003 356 117.00000000000006 0 0
343 74.00000000000003 332 74.00000000000003 332 99.00000000000003 343 99.00000000000003 0 0
335 68.00000000000003 326 68.00000000000003 326 92.00000000000003 335 92.00000000000003 0 0
338 53.00000000000004 328 53.00000000000004 328 73.00000000000003 338 73.00000000000003 0 0
273 41.00000000000003 261 41.00000000000003 261 66.00000000000003 273 66.00000000000003 0 0
257 59.00000000000003 243 59.00000000000003 243 88.00000000000003 257 88.00000000000003 0 0
229 102.00000000000003 216 102.00000000000003 216 131 229 131 0 0
227 76.00000000000003 212 76.00000000000003 212 101.00000000000003 227 101.00000000000003 0 0
208.00000000000003 64.00000000000003 192 64.00000000000003 192 88.00000000000003 208.00000000000003 88.00000000000003 0 0
144 75.00000000000003 134 75.00000000000003 134 98.00000000000003 144 98.00000000000003 0 0
135 76.00000000000003 124 76.00000000000003 124 99.00000000000003 135 99.00000000000003 0 0
122 77.00000000000001 109.00000000000001 77 109.00000000000001 105.00000000000001 122 105.00000000000003 0 0
108 60.000000000000014 94 60.000000000000014 94 86 108 86 0 0
216 85.00000000000003 201 85.00000000000003 201 116.00000000000003 216 116.00000000000003 1 0
134 58.000000000000014 125.00000000000001 58.000000000000014 125.00000000000001 67.00000000000003 134 67.00000000000003 2 0