283 164.00000000000006 262 164.00000000000006 262 204.00000000000006 283 204.00000000000006 0 0
397 92.00000000000006 384 92.00000000000006 384 119.00000000000006 397 119.00000000000006 0 0
212 110.00000000000003 195 110.00000000000003 195 141 212 141 0 0
131 105.00000000000003 117 105.00000000000003 117.00000000000001 131 131 131 0 0
147 91.00000000000003 132 91.00000000000003 132 116.00000000000003 147 116.00000000000003 0 0
52.000000000000014 81 36.000000000000014 81 36.000000000000014 111 52.000000000000014 111 0 0
214 73.00000000000003 199 73.00000000000003 199 101.00000000000003 214 101.00000000000003 0 0
250.00000000000003 85.00000000000003 237 85.00000000000003 237 111.00000000000003 250.00000000000003 111.00000000000003 0 0
241 71.00000000000003 228.00000000000003 71.00000000000003 228.00000000000003 97.00000000000003 241 97.00000000000003 0 0
262 70.00000000000003 250.00000000000003 70.00000000000003 250.00000000000003 90.00000000000003 262 90.00000000000003 0 0
266 61.00000000000003 255.00000000000003 61.00000000000003 255.00000000000003 75.00000000000003 266 75.00000000000003 0 0
280 83.00000000000003 267 83.00000000000003 267 103.00000000000003 280 103.00000000000003 0 0
298 70.00000000000003 285 70.00000000000003 285 97.00000000000003 298 97.00000000000003 0 0
290 56.00000000000003 278 56.00000000000003 278 79.00000000000003 290 79.00000000000003 0 0
331 106.00000000000003 312 106.00000000000003 312 137.00000000000006 331 137.00000000000006 1 0
285 71.00000000000003 279 71.00000000000003 279 78.00000000000003 285 78.00000000000003 2 0