388 78.00000000000006 372 78.00000000000006 372 109.00000000000006 388 109.00000000000006 0 0
227 195 209 195 209 224 227 224 0 0
87.00000000000003 140 69.00000000000003 140 69.00000000000003 174 87.00000000000003 174 0 0
129 94.00000000000001 112 94 112.00000000000001 123.00000000000001 129 123.00000000000003 0 0
61.00000000000001 40.00000000000001 48 40 48.00000000000001 63.000000000000014 61.00000000000001 63.000000000000014 0 0
119 24.000000000000014 108 24.000000000000014 108 42.000000000000014 119 42.000000000000014 0 0
189 48.00000000000003 175 48.00000000000003 175 70.00000000000003 189 70.00000000000003 0 0
209 31.00000000000003 197 31.00000000000002 197 49.00000000000003 209 49.00000000000003 0 0
195 82.00000000000003 182 82.00000000000003 182 109.00000000000003 195 109.00000000000003 0 0
226 76.00000000000003 212 76.00000000000003 212 107.00000000000003 226 107.00000000000003 0 0
8.00000000000001 74 9.062386313690414e-15 74 1.0715659492539341e-14 101 8.00000000000001 101 0 0
36.000000000000014 102 21.000000000000014 102 21.000000000000014 133 36.000000000000014 133 1 0
214.99999999999997 46.00000000000003 207 46.00000000000003 207 53.00000000000003 214.99999999999997 53.00000000000003 2 0