16.00000000000001 64 3.000000000000008 64 3.0000000000000098 97 16.000000000000014 97 0 0
134 125 115.00000000000003 125 115.00000000000003 157 134 157 0 0
151 144 133 144 133 179 151 179 0 0
322 86.00000000000003 307 86.00000000000003 307 112.00000000000003 322 112.00000000000003 0 0
168 65.00000000000003 152 65.00000000000003 152 96.00000000000003 168 96.00000000000003 0 0
141 12.000000000000016 127 12.000000000000014 127 37.000000000000014 141 37.000000000000014 0 0
254 24.00000000000003 243 24.00000000000003 243 51.00000000000003 254 51.00000000000003 0 0
369 34.00000000000004 353 34.00000000000004 353 59.00000000000004 369 59.00000000000004 0 0
398 94.00000000000006 390 94.00000000000006 390 131.00000000000006 398 131.00000000000006 0 0
340 48.00000000000004 326 48.00000000000004 326 76.00000000000003 340 76.00000000000003 1 0
150 82.00000000000003 139 82.00000000000003 139 91.00000000000003 150 91.00000000000003 2 0