10.000000000000021 158 1.9349419426528182e-14 158 2.1615016004950785e-14 195 10.000000000000025 195 0 0
25.000000000000007 86 6.000000000000011 86 6.000000000000012 114 25.000000000000014 114 0 0
59.000000000000014 56.000000000000014 41 56 41.00000000000001 80 59.000000000000014 80 0 0
102 63.000000000000014 89 63.000000000000014 89 84 102 84 0 0
112 77 99 77 99 103 112 103 0 0
128 72.00000000000003 117 72.00000000000003 117 96.00000000000003 128 96.00000000000003 0 0
135 77.00000000000003 125.00000000000001 77.00000000000003 125.00000000000001 101.00000000000003 135 101.00000000000003 0 0
184 62.000000000000014 171 62.000000000000014 171 85.00000000000003 184 85.00000000000003 0 0
203.00000000000003 95.00000000000003 191 95.00000000000003 191 124.00000000000003 203.00000000000003 124.00000000000003 0 0
207 78.00000000000003 199 78.00000000000003 199 90.00000000000003 207 90.00000000000003 0 0
259 58.00000000000003 248 58.00000000000003 248 86.00000000000003 259 86.00000000000003 0 0
260 40.00000000000003 247 40.00000000000003 247 62.00000000000003 260 62.00000000000003 0 0
316 51.00000000000004 305 51.00000000000004 305 75.00000000000003 316 75.00000000000003 0 0
319 67.00000000000003 312 67.00000000000003 312 92.00000000000003 319 92.00000000000003 0 0
324 74.00000000000003 315 74.00000000000003 315 99.00000000000003 324 99.00000000000003 0 0
337 83.00000000000003 324 83.00000000000003 324 113.00000000000003 337 113.00000000000003 0 0
284 129.00000000000006 270 129.00000000000006 270 159.00000000000006 284 159.00000000000006 0 0
211 86.00000000000003 199 86.00000000000003 199 110.00000000000003 211 110.00000000000003 1 0
143 62.000000000000014 135 62.000000000000014 135 69.00000000000003 143 69.00000000000003 2 0