352 116.00000000000003 336 116.00000000000003 336 150.00000000000006 352 150.00000000000006 0 0
273 72.00000000000003 257 72.00000000000003 257 96.00000000000003 273 96.00000000000003 0 0
311 48.00000000000004 294 48.00000000000004 294 74.00000000000003 311 74.00000000000003 0 0
176 40.00000000000002 164 40.000000000000014 164 64.00000000000003 176 64.00000000000003 0 0
155 75.00000000000003 138 75.00000000000003 138 103.00000000000003 155 103.00000000000003 0 0
132 129 120.00000000000003 129 120.00000000000003 158 132 158 0 0
121.00000000000004 130 108.00000000000003 130 108.00000000000003 158 121.00000000000004 158 0 0
111.00000000000001 116.00000000000001 96 116.00000000000001 96.00000000000001 147 111.00000000000004 147 0 0
16.000000000000007 60.99999999999999 5.000000000000007 60.99999999999999 5.000000000000009 83 16.000000000000007 83 0 0
28.000000000000004 37 12.000000000000004 37 12.000000000000005 59 28.000000000000004 59 0 0
232 146 213.00000000000003 146 213.00000000000003 174 232 174 0 0
64 85 48.000000000000014 85 48.000000000000014 113 64 113 1 0
258 140.00000000000006 249 140.00000000000006 249 150.00000000000006 258 150.00000000000006 2 0