70.00000000000003 125 51.000000000000014 125 51.000000000000014 161 70.00000000000003 161 0 0
204.99999999999997 53.00000000000003 190 53.00000000000003 190 77.00000000000003 204.99999999999997 77.00000000000003 0 0
246 54.00000000000003 228.00000000000003 54.00000000000003 228.00000000000003 80.00000000000003 246 80.00000000000003 0 0
277 31.000000000000032 261 31.00000000000003 261 54.00000000000003 277 54.00000000000003 0 0
279 85.00000000000003 261 85.00000000000003 261 116.00000000000003 279 116.00000000000003 0 0
289 135.00000000000006 272 135.00000000000006 272 170.00000000000006 289 170.00000000000006 0 0
312 134.00000000000006 298 134.00000000000006 298 174.00000000000006 312 174.00000000000006 0 0
160 132 145 132 145 161 160 161 0 0
171 129 159 129 159 159 171 159 0 0
387 108.00000000000006 368 108.00000000000006 368 143.00000000000006 387 143.00000000000006 1 0
177 144 169 144 169 152 177 152 2 0