116 93 104.00000000000001 93 104.00000000000001 114.99999999999999 116 114.99999999999999 0 0
14.00000000000001 78 9.552245033349356e-15 78 1.0838124172454076e-14 99 14.00000000000001 99 0 0
26.000000000000007 53 16.000000000000007 53 16.000000000000007 73 26.000000000000007 73 0 0
98 78 88 78 88 98 98 98 0 0
147 140 136 140 136 170 147 170 0 0
298 163.00000000000006 284 163.00000000000006 284 191.00000000000006 298 191.00000000000006 0 0
224.99999999999997 95.00000000000003 209.99999999999997 95.00000000000003 209.99999999999997 120.00000000000003 224.99999999999997 120.00000000000003 0 0
137 136 123.00000000000003 136 123.00000000000003 160 137 160 0 0
174 77.00000000000003 163 77.00000000000003 163 101.00000000000003 174 101.00000000000003 0 0
138 36.000000000000014 126 36.000000000000014 126 53.000000000000014 138 53.000000000000014 0 0
155 43.000000000000014 143 43.000000000000014 143 60.000000000000014 155 60.000000000000014 0 0
209 65.00000000000003 198 65.00000000000003 198 84.00000000000003 209 84.00000000000003 0 0
279 32.00000000000003 269 32.00000000000003 269 48.00000000000003 279 48.00000000000003 0 0
319 70.00000000000003 309 70.00000000000003 309 93.00000000000003 319 93.00000000000003 0 0
314 93.00000000000003 305 93.00000000000003 305 118.00000000000003 314 118.00000000000003 0 0
389 44.00000000000004 380 44.00000000000004 380 67.00000000000006 389 67.00000000000006 0 0
104.00000000000001 83 93 83 93 101 104.00000000000001 101 0 0
157 98.00000000000003 146 98.00000000000003 146 122.00000000000004 157 122.00000000000004 1 0
239 91.00000000000003 231 91.00000000000003 231 98.00000000000003 239 98.00000000000003 2 0