197 134 183 134 183 160 197 160 0 0
204.99999999999997 119.00000000000003 190 119.00000000000003 190 144 204.99999999999997 144 0 0
122.00000000000001 95.00000000000001 108 95 108 123.00000000000001 122.00000000000001 123.00000000000003 0 0
82 88 68 88 68 113 82 113 0 0
71 44.000000000000014 61 44.000000000000014 61.00000000000001 66 71 66 0 0
214.99999999999997 59.00000000000003 201 59.00000000000003 201 82.00000000000003 214.99999999999997 82.00000000000003 0 0
226 35.00000000000003 214 35.00000000000003 214 56.00000000000003 226 56.00000000000003 0 0
340 45.00000000000004 327 45.00000000000004 327 66.00000000000003 340 66.00000000000003 0 0
379 41.00000000000004 366 41.00000000000004 366 65.00000000000006 379 65.00000000000006 0 0
104.99999999999999 26.000000000000014 93 26.000000000000014 93 46.000000000000014 104.99999999999999 46.000000000000014 0 0
30.000000000000004 20.000000000000004 21 20 21.000000000000004 38 30.000000000000007 38 0 0
39 13.000000000000004 29.999999999999996 13.000000000000004 30.000000000000004 34 39 34 0 0
116 17.000000000000014 107 17.000000000000014 107 33.000000000000014 116 33.000000000000014 0 0
142 62.000000000000014 131 62.000000000000014 131 82.00000000000003 142 82.00000000000003 1 0
168 85.00000000000003 159 85.00000000000003 159 93.00000000000003 168 93.00000000000003 2 0