29.00000000000001 31 16.000000000000007 31 16.000000000000007 52 29.00000000000001 52 0 0
51.000000000000014 127 34.000000000000014 127 34.000000000000014 156 51.000000000000014 156 0 0
75.00000000000003 155 59.000000000000014 155 59.00000000000002 189 75.00000000000003 189 0 0
154 65.00000000000003 142 65.00000000000003 142 86.00000000000003 154 86.00000000000003 0 0
149 96.00000000000003 135 96.00000000000003 135 124.00000000000003 149 124.00000000000003 0 0
152 144 135 144 135 176 152 176 0 0
195 195 180 195 180 224 195 224 0 0
274 67.00000000000003 262 67.00000000000003 262 87.00000000000003 274 87.00000000000003 0 0
291 114.00000000000001 275 114.00000000000001 275 146.00000000000006 291 146.00000000000006 0 0
309 115.00000000000004 293 115.00000000000004 293 146.00000000000006 309 146.00000000000006 0 0
265 95.00000000000003 258 95.00000000000003 258 100.00000000000003 265 100.00000000000003 2 0