68 32.00000000000001 54.99999999999999 32 54.99999999999999 51.00000000000001 68 51.000000000000014 0 0
14.000000000000009 54 3.000000000000006 54 3.000000000000008 78 14.00000000000001 78 0 0
27.00000000000001 95 11.00000000000001 95 11.000000000000012 123.00000000000001 27.00000000000001 123.00000000000001 0 0
73.00000000000003 153 55.000000000000014 153 55.000000000000014 190 73.00000000000003 190 0 0
96.00000000000003 117 80.00000000000003 117 80.00000000000003 146 96.00000000000003 146 0 0
166 73.00000000000003 153 73.00000000000003 153 100.00000000000003 166 100.00000000000003 0 0
179 93.00000000000003 164 93.00000000000003 164 120.00000000000003 179 120.00000000000003 0 0
178 136 162 136 162 170 178 170 0 0
179 196 163 196 163 224 179 224 0 0
297 115.00000000000004 278 115.00000000000004 278 148.00000000000006 297 148.00000000000006 0 0
323 111.00000000000003 307 111.00000000000003 307 144.00000000000006 323 144.00000000000006 0 0
277 73.00000000000003 262 73.00000000000003 262 98.00000000000003 277 98.00000000000003 0 0
14.000000000000016 123.00000000000001 2.000000000000015 123.00000000000001 2.000000000000017 153 14.000000000000016 153 1 0
269 91.00000000000003 261 91.00000000000003 261 98.00000000000003 269 98.00000000000003 2 0