25.000000000000007 85 12.00000000000001 85 12.000000000000012 117 25.000000000000014 117 0 0
101 70 88 70 88 97 101 97 0 0
116.00000000000001 99 102 99 102.00000000000003 132 116.00000000000004 132 0 0
114.00000000000003 132 100.00000000000003 132 100.00000000000003 164 114.00000000000003 164 0 0
164 160 151 160 151 194 164 194 0 0
195 115.00000000000004 177 115.00000000000004 177 147 195 147 0 0
226 73.00000000000003 214 73.00000000000003 214 101.00000000000003 226 101.00000000000003 0 0
280 58.00000000000003 267 58.00000000000003 267 81.00000000000003 280 81.00000000000003 0 0
372 71.00000000000006 358 71.00000000000006 358 104.00000000000006 372 104.00000000000006 0 0
373 160.00000000000006 356 160.00000000000006 356 196.00000000000006 373 196.00000000000006 0 0
244.99999999999997 132.00000000000003 231 132 231 165.00000000000003 244.99999999999997 165.00000000000006 0 0
250.00000000000003 88.00000000000003 234 88.00000000000003 234 117.00000000000003 250.00000000000003 117.00000000000003 0 0
261 90.00000000000003 248 90.00000000000003 248 115.00000000000004 261 115.00000000000004 0 0
73.00000000000001 109 60.000000000000014 109 60.000000000000014 141 73.00000000000003 141 1 0
250.00000000000003 75.00000000000003 243 75.00000000000003 243 80.00000000000003 250.00000000000003 80.00000000000003 2 0