43.000000000000014 98 26.000000000000014 98 26.000000000000014 128 43.000000000000014 128 0 0
114.99999999999999 37.000000000000014 102 37.000000000000014 102 62.000000000000014 114.99999999999999 62.000000000000014 0 0
184 54.00000000000002 169 54.000000000000014 169 83.00000000000003 184 83.00000000000003 0 0
111.00000000000004 124 92.00000000000003 124 92.00000000000003 152 111.00000000000004 152 0 0
114.00000000000003 148 93.00000000000003 148 93.00000000000003 175 114.00000000000003 175 0 0
153 103.00000000000003 134 103.00000000000003 134 131 153 131 0 0
211 52.00000000000003 194 52.00000000000003 194 77.00000000000003 211 77.00000000000003 0 0
263 64.00000000000003 252 64.00000000000003 252 89.00000000000003 263 89.00000000000003 0 0
309 101.00000000000003 289 101.00000000000003 289 130.00000000000006 309 130.00000000000006 0 0
305 133.00000000000006 287 133.00000000000006 287 166.00000000000006 305 166.00000000000006 0 0
368 139.00000000000006 343 139.00000000000006 343 169.00000000000006 368 169.00000000000006 0 0
369 110.00000000000006 349 110.00000000000006 349 138.00000000000006 369 138.00000000000006 0 0
165 18.00000000000002 156 18.00000000000002 156 26.00000000000002 165 26.00000000000002 2 0