133 149 112.00000000000001 149 112.00000000000001 177 133 177 0 0
137 114.00000000000001 117 114.00000000000001 117.00000000000001 140 137 140 0 0
124.00000000000003 200 106.00000000000004 200 106.00000000000004 224 124.00000000000003 224 0 0
192 101.00000000000003 179 101.00000000000003 179 125.00000000000003 192 125.00000000000003 0 0
185 78.00000000000003 166 78.00000000000003 166 100.00000000000003 185 100.00000000000003 0 0
209 58.00000000000003 196 58.00000000000003 196 81.00000000000003 209 81.00000000000003 0 0
251 30.00000000000003 237 30.00000000000003 237 50.00000000000003 251 50.00000000000003 0 0
229.99999999999997 88.00000000000003 218.00000000000003 88.00000000000003 218.00000000000003 109.00000000000003 229.99999999999997 109.00000000000003 0 0
300 96.00000000000003 284 96.00000000000003 284 119.00000000000003 300 119.00000000000003 0 0
342 122.00000000000004 325 122.00000000000004 325 146.00000000000006 342 146.00000000000006 0 0
382 180.00000000000006 360 180.00000000000006 360 216.00000000000006 382 216.00000000000006 0 0
358 90.00000000000004 344 90.00000000000003 344 113.00000000000004 358 113.00000000000004 0 0
370 51.00000000000004 359 51.00000000000004 359 70.00000000000006 370 70.00000000000006 0 0
277 104.00000000000003 261 104.00000000000003 261 130.00000000000006 277 130.00000000000006 1 0