39.000000000000014 129 20.000000000000014 129 20.000000000000018 171 39.000000000000014 171 0 0
162 68.00000000000003 148 68.00000000000003 148 93.00000000000003 162 93.00000000000003 0 0
199.99999999999997 62.00000000000003 187 62.00000000000003 187 88.00000000000003 199.99999999999997 88.00000000000003 0 0
214 51.00000000000003 199.99999999999997 51.00000000000003 199.99999999999997 78.00000000000003 214 78.00000000000003 0 0
227 96.00000000000003 212 96.00000000000003 212 129 227 129 0 0
166 126.00000000000003 151 126.00000000000003 151 149 166 149 0 0
172 148 152 148 152 162 172 162 0 0
238 137.00000000000003 213.00000000000003 137 213.00000000000003 170.00000000000003 238 170.00000000000006 0 0
298 145.00000000000006 281 145.00000000000006 281 183.00000000000006 298 183.00000000000006 0 0
340 126.00000000000003 322 126.00000000000003 322 158.00000000000006 340 158.00000000000006 1 0
185 147 176 147 176 155 185 155 2 0