86 59.000000000000014 74 59.000000000000014 74 85 86 85 0 0
74.00000000000001 107 59.000000000000014 107 59.000000000000014 136 74.00000000000003 136 0 0
118.00000000000003 132 102.00000000000003 132 102.00000000000003 166 118.00000000000003 166 0 0
156 150 140 150 140 179 156 179 0 0
172 113.00000000000003 158 113.00000000000003 158 144 172 144 0 0
201 70.00000000000003 187 70.00000000000003 187 97.00000000000003 201 97.00000000000003 0 0
256 59.00000000000003 241 59.00000000000003 241 86.00000000000003 256 86.00000000000003 0 0
320 69.00000000000003 305 69.00000000000003 305 96.00000000000003 320 96.00000000000003 0 0
314 98.00000000000003 298 98.00000000000003 298 125.00000000000003 314 125.00000000000003 0 0
249 101.00000000000003 236 101.00000000000003 236 130.00000000000006 249 130.00000000000006 0 0
253 138.00000000000006 234.99999999999997 138.00000000000006 234.99999999999997 171.00000000000006 253 171.00000000000006 0 0
347 144.00000000000006 329 144.00000000000006 329 176.00000000000006 347 176.00000000000006 0 0
35.000000000000014 101 20.000000000000014 101 20.000000000000014 132 35.000000000000014 132 1 0
244.99999999999997 87.00000000000003 237 87.00000000000003 237 95.00000000000003 244.99999999999997 95.00000000000003 2 0