42.000000000000014 73 24.000000000000007 73 24.00000000000001 96 42.000000000000014 96 0 0
197 99.00000000000003 185 99.00000000000003 185 122.00000000000004 197 122.00000000000004 0 0
199.99999999999997 119.00000000000003 192 119.00000000000003 192 145 199.99999999999997 145 0 0
207 118.00000000000003 199 118.00000000000003 199 144 207 144 0 0
253 90.00000000000003 244 90.00000000000003 244 115.00000000000004 253 115.00000000000004 0 0
316 54.00000000000004 304 54.00000000000004 304 77.00000000000003 316 77.00000000000003 0 0
293 104.00000000000003 282 104.00000000000003 282 132.00000000000006 293 132.00000000000006 0 0
366 143.00000000000006 353 143.00000000000006 353 177.00000000000006 366 177.00000000000006 0 0
363 89.00000000000006 352 89.00000000000006 352 114.00000000000007 363 114.00000000000007 0 0
276 63.00000000000003 264 63.00000000000003 264 85.00000000000003 276 85.00000000000003 0 0
258 71.00000000000003 248 71.00000000000003 248 93.00000000000003 258 93.00000000000003 0 0
249 75.00000000000003 237 75.00000000000003 237 98.00000000000003 249 98.00000000000003 0 0
236 73.00000000000003 224.99999999999997 73.00000000000003 224.99999999999997 96.00000000000003 236 96.00000000000003 0 0
229.99999999999997 79.00000000000003 219.99999999999997 79.00000000000003 219.99999999999997 103.00000000000003 229.99999999999997 103.00000000000003 0 0
221 85.00000000000003 209.99999999999997 85.00000000000003 209.99999999999997 106.00000000000003 221 106.00000000000003 0 0
213.00000000000003 89.00000000000003 199.99999999999997 89.00000000000003 199.99999999999997 112.00000000000003 213.00000000000003 112.00000000000003 0 0
298 163.00000000000006 282 163.00000000000006 282 197.00000000000006 298 197.00000000000006 0 0
279 118.00000000000003 266 118.00000000000003 266 148.00000000000006 279 148.00000000000006 1 0
301 171.00000000000006 292 171.00000000000006 292 178.00000000000006 301 178.00000000000006 2 0