48.00000000000001 53 32 53 32.00000000000001 77 48.000000000000014 77 0 0
68 31.000000000000007 54 31.000000000000007 54 53.00000000000001 68 53.000000000000014 0 0
208.00000000000003 34.00000000000003 194 34.00000000000003 194 59.00000000000003 208.00000000000003 59.00000000000003 0 0
185 69.00000000000003 169 69.00000000000003 169 95.00000000000003 185 95.00000000000003 0 0
126.00000000000001 111.00000000000001 112 111 112.00000000000001 142 126.00000000000004 142 0 0
140 121.00000000000001 129 121.00000000000001 129 144 140 144 0 0
160 125.00000000000003 141 125.00000000000003 141 152 160 152 0 0
239.99999999999997 143.00000000000003 221 143 221 170.00000000000003 239.99999999999997 170.00000000000006 0 0
302 62.00000000000004 289 62.00000000000003 289 87.00000000000003 302 87.00000000000003 0 0
339 46.00000000000004 325 46.00000000000004 325 69.00000000000003 339 69.00000000000003 0 0
392 114.00000000000007 374 114.00000000000007 374 146.00000000000006 392 146.00000000000006 0 0
107 74 95 74 95 102 107 102 1 0
232 138 224 138 224 146 232 146 2 0