28.000000000000018 100 13.000000000000009 100 13.000000000000014 137 28.000000000000018 137 0 0
47.000000000000014 124 30.000000000000014 124 30.000000000000018 162 47.000000000000014 162 0 0
133 66.00000000000003 122 66.00000000000003 122 95.00000000000003 133 95.00000000000003 0 0
151 52.000000000000014 139 52.000000000000014 139 80.00000000000003 151 80.00000000000003 0 0
182 52.00000000000002 170 52.000000000000014 170 77.00000000000003 182 77.00000000000003 0 0
202 90.00000000000003 189 90.00000000000003 189 121.00000000000001 202 121.00000000000001 0 0
173 134 156 134 156 162 173 162 0 0
188 114.00000000000001 177 114.00000000000001 177 141 188 141 0 0
197 121.00000000000001 184 121.00000000000001 184 149 197 149 0 0
282 135.00000000000006 266 135.00000000000006 266 170.00000000000006 282 170.00000000000006 0 0
330 105.00000000000003 317 105.00000000000003 317 134.00000000000006 330 134.00000000000006 0 0
352 109.00000000000004 333 109.00000000000003 333 134.00000000000006 352 134.00000000000006 0 0
243 127.00000000000003 219 127.00000000000003 219 162.00000000000003 243 162.00000000000006 1 0
298 137.00000000000006 287 137.00000000000006 287 146.00000000000006 298 146.00000000000006 2 0