15.000000000000009 60 2.000000000000007 60 2.000000000000009 84 15.000000000000009 84 0 0
76 49.000000000000014 64 49.000000000000014 64 73 76 73 0 0
9.000000000000005 22 2.6942229581241772e-15 22 4.041334437186266e-15 44 9.000000000000007 44 0 0
22.000000000000004 14.000000000000004 11 14 11.000000000000002 35 22.000000000000007 35 0 0
104.00000000000001 27.000000000000014 92 27.000000000000014 92 48.000000000000014 104.00000000000001 48.000000000000014 0 0
127 13.000000000000014 116 13.000000000000014 116 34.000000000000014 127 34.000000000000014 0 0
214 66.00000000000003 199.99999999999997 66.00000000000003 199.99999999999997 92.00000000000003 214 92.00000000000003 0 0
234 33.00000000000003 222 33.00000000000003 222 56.00000000000003 234 56.00000000000003 0 0
133 110.00000000000003 118 110.00000000000003 118.00000000000003 138 133 138 0 0
154 119.00000000000003 138 119.00000000000003 138 136 154 136 0 0
188 126.00000000000003 174 126.00000000000003 174 155 188 155 0 0
249 136.00000000000003 232 136 232 167.00000000000003 249 167.00000000000006 0 0
334 54.00000000000004 319 54.00000000000004 319 78.00000000000003 334 78.00000000000003 0 0
370 43.00000000000004 356 43.00000000000004 356 69.00000000000006 370 69.00000000000006 0 0
145 70.00000000000003 132 70.00000000000003 132 95.00000000000003 145 95.00000000000003 1 0
179 123.00000000000003 171 123.00000000000003 171 130 179 130 2 0