70.00000000000001 95 54.000000000000014 95 54.000000000000014 126 70.00000000000003 126 0 0
39.000000000000014 140 23.000000000000014 140 23.000000000000018 173 39.000000000000014 173 0 0
138 167 123.00000000000003 167 123.00000000000003 201 138 201 0 0
86 70 73 70 73 99 86 99 0 0
149 78.00000000000003 135 78.00000000000003 135 106.00000000000003 149 106.00000000000003 0 0
179 49.00000000000002 168 49.000000000000014 168 74.00000000000003 179 74.00000000000003 0 0
211 88.00000000000003 197 88.00000000000003 197 114.00000000000001 211 114.00000000000001 0 0
253 104.00000000000003 239 104.00000000000003 239 132.00000000000006 253 132.00000000000006 0 0
244 90.00000000000003 233.00000000000003 90.00000000000003 233.00000000000003 112.00000000000003 244 112.00000000000003 0 0
206 56.00000000000003 193 56.00000000000003 193 78.00000000000003 206 78.00000000000003 0 0
274 45.00000000000003 261 45.00000000000003 261 69.00000000000003 274 69.00000000000003 0 0
366 52.00000000000004 353 52.00000000000004 353 73.00000000000006 366 73.00000000000006 0 0
396 47.00000000000004 384 47.00000000000004 384 73.00000000000006 396 73.00000000000006 0 0
368 85.00000000000006 353 85.00000000000006 353 109.00000000000006 368 109.00000000000006 0 0
344 79.00000000000003 330 79.00000000000003 330 108.00000000000003 344 108.00000000000003 0 0
398 165.00000000000006 377 165.00000000000006 377 202.00000000000006 398 202.00000000000006 0 0
221 48.00000000000003 211 48.00000000000003 211 71.00000000000003 221 71.00000000000003 0 0
301 95.00000000000003 283 95.00000000000003 283 125.00000000000003 301 125.00000000000003 1 0
214 65.00000000000003 208.00000000000003 65.00000000000003 208.00000000000003 70.00000000000003 214 70.00000000000003 2 0