87 31.000000000000007 77 31.000000000000007 77 52.000000000000014 87 52.000000000000014 0 0
31.000000000000007 54 20.000000000000007 54 20.000000000000007 77 31.000000000000007 77 0 0
13.000000000000009 73 1.0000000000000089 73 1.0000000000000104 98 13.000000000000009 98 0 0
38.000000000000014 89 24.000000000000014 89 24.000000000000014 114 38.000000000000014 114 0 0
73.00000000000003 151 56.00000000000001 151 56.00000000000002 185 73.00000000000003 185 0 0
114.00000000000001 112 101 112 101.00000000000001 140 114.00000000000003 140 0 0
170 77.00000000000003 158 77.00000000000003 158 103.00000000000003 170 103.00000000000003 0 0
185 90.00000000000003 173 90.00000000000003 173 116.00000000000003 185 116.00000000000003 0 0
187 133 173 133 173 162 187 162 0 0
172 200 157 200 157 224 172 224 0 0
278 73.00000000000003 265 73.00000000000003 265 97.00000000000003 278 97.00000000000003 0 0
293 116.00000000000003 274 116.00000000000003 274 147.00000000000006 293 147.00000000000006 0 0
322 109.00000000000003 308 109.00000000000003 308 136.00000000000006 322 136.00000000000006 0 0
30.000000000000018 120 17.000000000000014 120 17.000000000000018 150 30.000000000000018 150 1 0
264 88.00000000000003 258 88.00000000000003 258 95.00000000000003 264 95.00000000000003 2 0