287 144.00000000000006 265 144.00000000000006 265 179.00000000000006 287 179.00000000000006 0 0
319 100.00000000000003 306 100.00000000000003 306 128.00000000000006 319 128.00000000000006 0 0
308 77.00000000000003 290 77.00000000000003 290 102.00000000000003 308 102.00000000000003 0 0
277 84.00000000000003 264 84.00000000000003 264 108.00000000000003 277 108.00000000000003 0 0
269 76.00000000000003 257 76.00000000000003 257 101.00000000000003 269 101.00000000000003 0 0
241 90.00000000000003 226 90.00000000000003 226 117.00000000000003 241 117.00000000000003 0 0
177 92.00000000000003 163 92.00000000000003 163 124.00000000000003 177 124.00000000000003 0 0
143 96.00000000000003 129 96.00000000000003 129 124.00000000000003 143 124.00000000000003 0 0
161 148 142 148 142 182 161 182 0 0
77.00000000000001 114.99999999999999 61.00000000000001 114.99999999999999 61.00000000000001 143 77.00000000000003 143 0 0
34.000000000000014 99 19.000000000000014 99 19.000000000000014 130 34.000000000000014 130 0 0
71 90 56.00000000000001 90 56.00000000000001 114.99999999999999 71 114.99999999999999 0 0
64 79 53.00000000000002 79 53.00000000000002 104 64 104 0 0
162 79.00000000000003 147 79.00000000000003 147 103.00000000000003 162 103.00000000000003 0 0
116.00000000000001 112 98 112 98.00000000000001 141 116.00000000000004 141 1 0
261 66.00000000000003 253 66.00000000000003 253 74.00000000000003 261 74.00000000000003 2 0