45.000000000000014 73 26.000000000000007 73 26.000000000000014 101 45.000000000000014 101 0 0
18.000000000000025 196 2.4003077263288127e-14 196 2.5717582782094422e-14 224 18.00000000000003 224 0 0
137 115.00000000000004 117 115.00000000000004 117.00000000000001 144 137 144 0 0
110.00000000000001 97 99.99999999999999 97 100.00000000000001 127 110.00000000000003 127 0 0
118 93.00000000000001 107 93 107 111.00000000000001 118 111.00000000000003 0 0
145 79.00000000000003 133 79.00000000000003 133 108.00000000000003 145 108.00000000000003 0 0
217 80.00000000000003 204.99999999999997 80.00000000000003 204.99999999999997 95.00000000000003 217 95.00000000000003 0 0
216 94.00000000000003 204.99999999999997 94.00000000000003 204.99999999999997 123.00000000000003 216 123.00000000000003 0 0
226 100.00000000000003 214.99999999999997 100.00000000000003 214.99999999999997 123.00000000000003 226 123.00000000000003 0 0
202 145 186 145 186 180 202 180 0 0
308 104.00000000000003 293 104.00000000000003 293 133.00000000000006 308 133.00000000000006 0 0
372 143.00000000000006 353 143.00000000000006 353 174.00000000000006 372 174.00000000000006 0 0
387 101.00000000000006 367 101.00000000000006 367 132.00000000000006 387 132.00000000000006 0 0
344 90.00000000000003 326 90.00000000000003 326 115.00000000000004 344 115.00000000000004 0 0
352 73.00000000000004 339 73.00000000000003 339 99.00000000000004 352 99.00000000000006 0 0
332 71.00000000000003 315 71.00000000000003 315 94.00000000000003 332 94.00000000000003 0 0
191 110.00000000000003 177 110.00000000000003 177 139 191 139 1 0
273 72.00000000000003 263 72.00000000000003 263 80.00000000000003 273 80.00000000000003 2 0