253 144.00000000000003 229 144 229 178.00000000000003 253 178.00000000000006 0 0
283 99.00000000000003 264 99.00000000000003 264 130.00000000000006 283 130.00000000000006 0 0
285 81.00000000000003 265 81.00000000000003 265 104.00000000000003 285 104.00000000000003 0 0
231 83.00000000000003 214.99999999999997 83.00000000000003 214.99999999999997 112.00000000000003 231 112.00000000000003 0 0
192 80.00000000000003 178 80.00000000000003 178 109.00000000000003 192 109.00000000000003 0 0
149 94.00000000000003 132 94.00000000000003 132 120.00000000000003 149 120.00000000000003 0 0
141 144 121.00000000000004 144 121.00000000000004 179 141 179 0 0
43.000000000000014 113 28.000000000000018 113 28.000000000000018 146 43.000000000000014 146 0 0
23.00000000000001 79 8.00000000000001 79 8.000000000000012 106 23.000000000000014 106 0 0
49.000000000000014 94 33.000000000000014 94 33.000000000000014 117 49.000000000000014 117 0 0
99.00000000000001 95 85 95 85.00000000000001 125 99.00000000000003 125 0 0
132 78.00000000000003 119 78.00000000000003 119 102.00000000000003 132 102.00000000000003 0 0
81.00000000000001 111 63.00000000000002 111 63.00000000000002 141 81.00000000000003 141 1 0
198 50.00000000000003 188 50.00000000000003 188 59.00000000000003 198 59.00000000000003 2 0