324 241.00000000000006 279 241.00000000000006 279 340 324 340 0 0
390 332 338 332 338 427 390 427 0 0
316.00000000000006 421 266 421 266.00000000000006 525 316.0000000000001 525 0 0
357 446 319 446 319.00000000000006 548 357.0000000000001 548 0 0
598 564 542 564 542 679 598 679 0 0
737 348.0000000000001 690 348.0000000000001 690 440.0000000000001 737 440.0000000000001 0 0
697 288.0000000000001 655 288.0000000000001 655 370.0000000000001 697 370.0000000000001 0 0
798 147.0000000000001 756 147.0000000000001 756 205.0000000000001 798 205.0000000000001 0 0
508 203.00000000000003 473 203.00000000000003 473 272.0000000000001 508 272.0000000000001 0 0
534 184.00000000000006 499 184.00000000000006 499 251.00000000000006 534 251.00000000000006 0 0
1039 371.0000000000001 991 371.0000000000001 991 477.00000000000017 1039 477.00000000000017 0 0
994 272.0000000000001 951 272.0000000000001 951 342.0000000000001 994 342.0000000000001 0 0
1048 281.0000000000001 1006 281.0000000000001 1006 357.0000000000001 1048 357.0000000000001 0 0
880 327.0000000000001 839 327.0000000000001 839 422.0000000000001 880 422.0000000000001 1 0
553 148.00000000000006 534 148.00000000000006 534 168.00000000000006 553 168.00000000000006 2 0