250.00000000000006 244 203.00000000000006 244 203.00000000000006 321 250.00000000000006 321 0 0
368 291 298 291 298 376 368 376 0 0
424 304 379 304 379 386 424 386 0 0
448 243.00000000000006 411 243.00000000000006 411 321 448 321 0 0
491 240.00000000000006 448 240.00000000000006 448 317.00000000000006 491 317.0000000000001 0 0
476 316.00000000000006 437 316 437 410.00000000000006 476 410.0000000000001 0 0
798 335.0000000000001 748 335.0000000000001 748 445.0000000000001 798 445.0000000000001 0 0
1042 507.0000000000001 973 507.0000000000001 973 624.0000000000002 1042 624.0000000000002 0 0
715 245.00000000000009 672 245.00000000000006 672 334.0000000000001 715 334.0000000000001 0 0
971 223.0000000000001 928 223.0000000000001 928 303.0000000000001 971 303.0000000000001 0 0
902 188.00000000000014 862 188.00000000000014 862 259.0000000000001 902 259.0000000000001 0 0
1269 190.00000000000017 1227 190.00000000000017 1227 269.0000000000001 1269 269.0000000000001 0 0
663 222.00000000000006 595 222.00000000000006 595 282.0000000000001 663 282.0000000000001 0 0
773 185.0000000000001 738 185.0000000000001 738 235.0000000000001 773 235.0000000000001 0 0
770 174.0000000000001 739 174.0000000000001 739 233.00000000000014 770 233.00000000000014 0 0
1163 284.0000000000001 1118 284.0000000000001 1118 363.00000000000017 1163 363.00000000000017 1 0
674 205.00000000000006 653 205.00000000000006 653 219.00000000000006 674 219.00000000000006 2 0