228.00000000000006 269 179.00000000000006 269 179.00000000000006 364 228.00000000000006 364 0 0
268 249.00000000000003 225.00000000000006 249 225.00000000000006 332 268 332 0 0
436 262 393 262 393 345 436 345 0 0
453 326 403 326 403 420 453 420 0 0
231.00000000000006 379 177.00000000000006 379 177.00000000000006 480 231.00000000000006 480 0 0
623 469.0000000000001 574 469.0000000000001 574 576 623 576 0 0
514 325.0000000000001 469 325.0000000000001 469 417.0000000000001 514 417.0000000000001 0 0
600 291.0000000000001 567 291.0000000000001 567 379.0000000000001 600 379.0000000000001 0 0
618 262.0000000000001 587 262.0000000000001 587 357.0000000000001 618 357.0000000000001 0 0
711 234.00000000000009 666 234.00000000000006 666 323.0000000000001 711 323.0000000000001 0 0
760 557 709 557 709 673 760 673 0 0
233.00000000000006 531 182.00000000000006 531 182.00000000000006 658 233.00000000000006 658 0 0