259.00000000000006 388 211.00000000000006 388 211.00000000000006 487 259.0000000000001 487 0 0
286 314 242.00000000000006 314 242.00000000000006 401 286 401 0 0
358 229.00000000000006 305 229.00000000000006 305 309 358 309 0 0
560 201.00000000000006 521 201.00000000000006 521 268.0000000000001 560 268.0000000000001 0 0
654 188.00000000000006 615 188.00000000000006 615 265.0000000000001 654 265.0000000000001 0 0
905 155.0000000000001 866 155.0000000000001 866 217.0000000000001 905 217.0000000000001 0 0
722 266.0000000000001 678 266.0000000000001 678 351.0000000000001 722 351.0000000000001 0 0
742 338.0000000000001 697 338.0000000000001 697 436.0000000000001 742 436.0000000000001 0 0
520 527 466.0000000000001 527 466.0000000000001 642 520 642 0 0
302.00000000000006 420 256 420 256.00000000000006 518 302.0000000000001 518 0 0
1007 344.0000000000001 950 344.0000000000001 950 445.0000000000001 1007 445.0000000000001 0 0
1011 230.0000000000001 967 230.0000000000001 967 297.0000000000001 1011 297.0000000000001 0 0
1087 238.0000000000001 1048 238.0000000000001 1048 310.0000000000001 1087 310.0000000000001 0 0
900 298.0000000000001 848 298.0000000000001 848 391.0000000000001 900 391.0000000000001 1 0
687 167.00000000000006 665 167.00000000000006 665 186.00000000000006 687 186.00000000000006 2 0