259 311 208.00000000000006 311 208.00000000000006 403 259 403 0 0
230.00000000000006 386 181.00000000000006 386 181.00000000000006 485.00000000000006 230.00000000000006 485.00000000000006 0 0
355 230.00000000000006 305 230.00000000000006 305 314 355 314 0 0
548 202.00000000000003 511 202.00000000000003 511 268.0000000000001 548 268.0000000000001 0 0
284.00000000000006 424 235.00000000000006 424 235.00000000000006 523 284.0000000000001 523 0 0
494.0000000000001 521 435.0000000000001 521 435.0000000000001 627 494.0000000000001 627 0 0
662 188.00000000000006 625 188.00000000000006 625 260.0000000000001 662 260.0000000000001 0 0
719 268.0000000000001 671 268.0000000000001 671 353.0000000000001 719 353.0000000000001 0 0
717 345.0000000000001 661 345.0000000000001 661 443.0000000000001 717 443.0000000000001 0 0
893 146.0000000000001 849 146.0000000000001 849 211.00000000000014 893 211.00000000000014 0 0
989 228.0000000000001 938 228.0000000000001 938 299.0000000000001 989 299.0000000000001 0 0
1119 227.0000000000001 1081 227.0000000000001 1081 302.0000000000001 1119 302.0000000000001 0 0
978 339.0000000000001 927 339.0000000000001 927 440.0000000000001 978 440.0000000000001 0 0
893 297.0000000000001 845 297.0000000000001 845 394.0000000000001 893 394.0000000000001 1 0
733 171.0000000000001 717 171.0000000000001 717 187.00000000000009 733 187.00000000000009 2 0