92.00000000000003 238 32.00000000000003 238 32.000000000000036 321 92.00000000000003 321 0 0
256.0000000000001 482.99999999999994 202.00000000000006 482.99999999999994 202.00000000000006 599 256.0000000000001 599 0 0
548 331.0000000000001 474 331.0000000000001 474 419.0000000000001 548 419.0000000000001 0 0
682 293.0000000000001 614 293.0000000000001 614 390.0000000000001 682 390.0000000000001 0 0
803 274.0000000000001 749 274.0000000000001 749 377.0000000000001 803 377.0000000000001 0 0
726 411.0000000000001 656 411.0000000000001 656 517 726 517 0 0
965 212.0000000000001 914 212.0000000000001 914 286.0000000000001 965 286.0000000000001 0 0
1011 252.0000000000001 954 252.0000000000001 954 340.0000000000001 1011 340.0000000000001 0 0
1144 250.0000000000001 1095 250.0000000000001 1095 347.0000000000001 1144 347.0000000000001 0 0
1001 348.0000000000001 937 348.0000000000001 937 443.0000000000001 1001 443.0000000000001 0 0
908 378.0000000000001 851 378.0000000000001 851 461.0000000000001 908 461.0000000000001 0 0
862 435.0000000000001 844 435.0000000000001 844 455.0000000000001 862 455.0000000000001 2 0