282.00000000000006 380 202.00000000000006 380 202.00000000000006 495 282.0000000000001 495 0 0
387 292 326 292 326 404 387 404 0 0
508 244.00000000000006 459 244.00000000000006 459 341.00000000000006 508 341.0000000000001 0 0
519 338.0000000000001 474 338.0000000000001 474 437.0000000000001 519 437.0000000000001 0 0
551 267.0000000000001 502 267.0000000000001 502 351.0000000000001 551 351.0000000000001 0 0
775 348.0000000000001 717 348.0000000000001 717 454.00000000000017 775 454.00000000000017 0 0
1043 247.0000000000001 982 247.0000000000001 982 351.0000000000001 1043 351.0000000000001 0 0
1115 236.0000000000001 1065 236.0000000000001 1065 360.00000000000006 1115 360.00000000000006 0 0
740 217.00000000000006 685 217.00000000000006 685 321.0000000000001 740 321.0000000000001 0 0
714 185.0000000000001 666 185.00000000000006 666 290.0000000000001 714 290.0000000000001 0 0
438 401 408 401 408 431 438 431 2 0