388 241.00000000000006 337 241.00000000000006 337 301 388 301 0 0
348.0000000000001 542 293.0000000000001 542 293.0000000000001 648 348.0000000000001 648 0 0
475 273.00000000000006 437 273 437 342.00000000000006 475 342.0000000000001 0 0
515 162.00000000000006 469 162.00000000000006 469 230.00000000000006 515 230.00000000000006 0 0
614 183.00000000000006 568 183.00000000000006 568 236.00000000000003 614 236.00000000000003 0 0
803 281.0000000000001 749 281.0000000000001 749 354.0000000000001 803 354.0000000000001 0 0
712 415.0000000000001 666 415.0000000000001 666 493.0000000000001 712 493.0000000000001 0 0
614 579 549 579 549 665 614 665 0 0
592 535 549 535 549 616 592 616 0 0
849 446.0000000000001 804 446.0000000000001 804 530 849 530 0 0
887 423.0000000000001 851 423.0000000000001 851 500.0000000000001 887 500.0000000000001 0 0
1223 151.00000000000017 1186 151.00000000000017 1186 210.00000000000017 1223 210.00000000000017 0 0
226.00000000000006 300 189.00000000000006 300 189.00000000000006 374.00000000000006 226.00000000000006 374.00000000000006 1 0
919 456.0000000000001 901 456.0000000000001 901 476.00000000000017 919 476.00000000000017 2 0