315.0000000000001 558 257.0000000000001 558 257.0000000000001 644 315.0000000000001 644 0 0
572 585 527 585 527 687 572 687 0 0
594 526 541 526 541 598 594 598 0 0
729 401.0000000000001 683 401.0000000000001 683 477.00000000000017 729 477.00000000000017 0 0
819 306.0000000000001 774 306.0000000000001 774 376.0000000000001 819 376.0000000000001 0 0
1148 158.0000000000001 1099 158.0000000000001 1099 213.0000000000001 1148 213.0000000000001 0 0
887 408.00000000000017 850 408.00000000000017 850 483.0000000000001 887 483.0000000000001 0 0
838 422.0000000000001 790 422.0000000000001 790 502.0000000000001 838 502.0000000000001 0 0
462 275 429 275 429 339 462 339 0 0
375 249.00000000000009 326 249.00000000000009 326 304 375 304 0 0
469 171.00000000000006 432 171.00000000000006 432 240.00000000000006 469 240.00000000000006 0 0
627 204.00000000000009 577 204.00000000000009 577 260.0000000000001 627 260.0000000000001 0 0
207.00000000000006 316 167.00000000000006 316 167.00000000000006 384 207.00000000000006 384 1 0
903 449.00000000000006 885 449.00000000000006 885 472.00000000000006 903 472.00000000000006 2 0