306 233.00000000000006 246.00000000000006 233.00000000000006 246.00000000000006 331 306 331 0 0
319.00000000000006 424 260 424 260.00000000000006 534 319.0000000000001 534 0 0
590 327.0000000000001 535 327.0000000000001 535 423.0000000000001 590 423.0000000000001 0 0
770 382.00000000000006 714 382.00000000000006 714 494.00000000000006 770 494.00000000000006 0 0
758 284.0000000000001 696 284.0000000000001 696 383.00000000000006 758 383.00000000000006 0 0
951 348.0000000000001 899 348.0000000000001 899 433.0000000000001 951 433.0000000000001 0 0
993 339.0000000000001 935 339.0000000000001 935 434.0000000000001 993 434.0000000000001 0 0
1084 269.0000000000001 1011 269.0000000000001 1011 357.0000000000001 1084 357.0000000000001 0 0
1031 218.0000000000001 965 218.0000000000001 965 303.0000000000001 1031 303.0000000000001 0 0
990 270.0000000000001 915 270.0000000000001 915 345.0000000000001 990 345.0000000000001 0 0
1280 261.0000000000001 1235 261.0000000000001 1235 363.00000000000017 1280 363.00000000000017 0 0
479.00000000000006 459.00000000000006 452 458.99999999999994 452 483.00000000000006 479.0000000000001 483.0000000000001 2 0