334 250.00000000000006 300 250.00000000000006 300 324 334 324 0 0
444 277 392 277 392 360 444 360 0 0
509 238.00000000000009 468 238.00000000000009 468 302.0000000000001 509 302.0000000000001 0 0
514 289.0000000000001 471 289.0000000000001 471 368.0000000000001 514 368.0000000000001 0 0
529 307.0000000000001 498 307.0000000000001 498 387.00000000000017 529 387.00000000000017 0 0
572 232.00000000000006 534 232.00000000000006 534 309.0000000000001 572 309.0000000000001 0 0
686 249.00000000000009 624 249.00000000000009 624 280.0000000000001 686 280.0000000000001 0 0
734 243.00000000000009 701 243.00000000000009 701 332.0000000000001 734 332.0000000000001 0 0
793 176.0000000000001 749 176.0000000000001 749 240.0000000000001 793 240.0000000000001 0 0
849 168.0000000000001 805 168.0000000000001 805 239.0000000000001 849 239.0000000000001 0 0
962 190.0000000000001 922 190.0000000000001 922 267.0000000000001 962 267.0000000000001 0 0
1000 223.0000000000001 959 223.0000000000001 959 305.0000000000001 1000 305.0000000000001 0 0
876 338.0000000000001 831 338.0000000000001 831 444.0000000000001 876 444.0000000000001 0 0
1033 489.0000000000001 964 489.0000000000001 964 602.0000000000002 1033 602.0000000000002 0 0
1236 279.0000000000001 1191 279.0000000000001 1191 367.0000000000001 1236 367.0000000000001 1 0
600 222.00000000000006 578 222.00000000000006 578 239.00000000000006 600 239.00000000000006 2 0