476 253.00000000000006 419 253.00000000000006 419 316.00000000000006 476 316.0000000000001 0 0
511 252.00000000000006 475 252.00000000000006 475 322.0000000000001 511 322.0000000000001 0 0
705 257.0000000000001 668 257.0000000000001 668 325.0000000000001 705 325.0000000000001 0 0
676 293.0000000000001 633 293.0000000000001 633 363.00000000000017 676 363.00000000000017 0 0
608 365.0000000000001 570 365.0000000000001 570 451.00000000000006 608 451.00000000000006 0 0
446.0000000000001 577 397.0000000000001 577 397.0000000000001 687 446.0000000000001 687 0 0
740 528 695 528 695 630 740 630 0 0
782 312.0000000000001 745 312.0000000000001 745 400.0000000000001 782 400.0000000000001 0 0
859 339.0000000000001 812 339.0000000000001 812 428.00000000000006 859 428.00000000000006 0 0
924 310.0000000000001 880 310.0000000000001 880 396.0000000000001 924 396.0000000000001 0 0
945 236.0000000000001 907 236.0000000000001 907 308.0000000000001 945 308.0000000000001 0 0
1036 501.0000000000001 985 501.0000000000001 985 605.0000000000002 1036 605.0000000000002 0 0
126.00000000000006 328 84.00000000000003 328 84.00000000000004 420 126.00000000000006 420 1 0
668 241.00000000000006 641 241.00000000000006 641 260.0000000000001 668 260.0000000000001 2 0