909 163.0000000000001 873 163.0000000000001 873 226.0000000000001 909 226.0000000000001 0 0
628 188.00000000000006 592 188.00000000000006 592 260.0000000000001 628 260.0000000000001 0 0
565 202.00000000000003 524 202.00000000000003 524 277.0000000000001 565 277.0000000000001 0 0
340 230.00000000000006 301 230.00000000000006 301 312 340 312 0 0
315 312 264 312 264 408 315 408 0 0
275.00000000000006 400 234.00000000000006 400 234.00000000000006 496 275.0000000000001 496 0 0
309.00000000000006 423 269 423 269.00000000000006 522 309.0000000000001 522 0 0
541 540 480.0000000000001 540 480.0000000000001 661 541 661 0 0
726 270.0000000000001 681 270.0000000000001 681 350.0000000000001 726 350.0000000000001 0 0
764 344.0000000000001 711 344.0000000000001 711 435.0000000000001 764 435.0000000000001 0 0
1022 348.0000000000001 967 348.0000000000001 967 447.0000000000001 1022 447.0000000000001 0 0
1011 236.0000000000001 971 236.0000000000001 971 306.0000000000001 1011 306.0000000000001 0 0
1048 238.0000000000001 1022 238.0000000000001 1022 308.0000000000001 1048 308.0000000000001 0 0
909 299.0000000000001 860 299.0000000000001 860 387.00000000000017 909 387.00000000000017 1 0