1275 264.0000000000001 1192 264.0000000000001 1192 392.0000000000001 1275 392.0000000000001 0 0
816 314.0000000000001 762 314.0000000000001 762 430.00000000000017 816 430.00000000000017 0 0
662 313.0000000000001 610 313.0000000000001 610 422.0000000000001 662 422.0000000000001 0 0
290 349 187.00000000000006 349 187.00000000000006 454 290 454 0 0
363 315 313 315 313 422 363 422 0 0
470 243.00000000000006 400 243.00000000000006 400 336.00000000000006 470 336.0000000000001 0 0
581 253.00000000000006 508 253.00000000000006 508 345.0000000000001 581 345.0000000000001 0 0
602 285.0000000000001 545 285.0000000000001 545 372.0000000000001 602 372.0000000000001 0 0
724 232.00000000000009 668 232.00000000000006 668 324.0000000000001 724 324.0000000000001 0 0
765 255.00000000000014 701 255.00000000000014 701 348.0000000000001 765 348.0000000000001 0 0
403 281 374 281 374 306 403 306 2 0