1242 606.0000000000002 1156 606.0000000000002 1156 714.0000000000002 1242 714.0000000000002 0 0
1089 412.0000000000001 1031 412.0000000000001 1031 500.0000000000001 1089 500.0000000000001 0 0
974 499.00000000000017 911 499.00000000000017 911 599.0000000000001 974 599.0000000000002 0 0
577 481.0000000000001 515 481.0000000000001 515 566 577 566 0 0
471 333.00000000000006 429 333 429 411.00000000000006 471 411.0000000000001 0 0
432 337 396 337 396 414.99999999999994 432 414.99999999999994 0 0
629 152.00000000000006 587 152.00000000000006 587 215.00000000000009 629 215.00000000000009 0 0
673 168.00000000000006 639 168.00000000000006 639 226.00000000000009 673 226.00000000000009 0 0
690 200.00000000000006 663 200.00000000000006 663 270.0000000000001 690 270.0000000000001 0 0
752 232.00000000000009 713 232.00000000000009 713 299.0000000000001 752 299.0000000000001 0 0
801 270.0000000000001 742 270.0000000000001 742 345.0000000000001 801 345.0000000000001 0 0
908 321.0000000000001 854 321.0000000000001 854 418.0000000000001 908 418.0000000000001 0 0
671 357.0000000000001 629 357.0000000000001 629 432.00000000000017 671 432.00000000000017 0 0
718 341.0000000000001 678 341.0000000000001 678 417.0000000000001 718 417.0000000000001 0 0
674 296.0000000000001 641 296.0000000000001 641 367.0000000000001 674 367.0000000000001 0 0
368 242.00000000000006 334 242.00000000000006 334 318 368 318 1 0
529 342.0000000000001 504 342.0000000000001 504 366.0000000000001 529 366.0000000000001 2 0