297 163.00000000000006 282 163.00000000000006 282 197.00000000000006 297 197.00000000000006 0 0
366 144.00000000000006 352 144.00000000000006 352 178.00000000000006 366 178.00000000000006 0 0
364 88.00000000000006 351 88.00000000000006 351 117.00000000000006 364 117.00000000000006 0 0
317 54.00000000000004 304 54.00000000000004 304 80.00000000000003 317 80.00000000000003 0 0
296 103.00000000000003 284 103.00000000000003 284 133.00000000000006 296 133.00000000000006 0 0
209.99999999999997 119.00000000000003 199.99999999999997 119.00000000000003 199.99999999999997 145 209.99999999999997 145 0 0
201 118.00000000000003 191 118.00000000000003 191 146 201 146 0 0
196 99.00000000000003 184 99.00000000000003 184 122.00000000000004 196 122.00000000000004 0 0
209.99999999999997 90.00000000000003 202 90.00000000000003 202 112.00000000000003 209.99999999999997 112.00000000000003 0 0
254 90.00000000000003 243 90.00000000000003 243 115.00000000000004 254 115.00000000000004 0 0
229.99999999999997 81.00000000000003 219.99999999999997 81.00000000000003 219.99999999999997 102.00000000000003 229.99999999999997 102.00000000000003 0 0
218.00000000000003 84.00000000000003 209.99999999999997 84.00000000000003 209.99999999999997 107.00000000000003 218.00000000000003 107.00000000000003 0 0
250.00000000000003 76.00000000000003 238 76.00000000000003 238 96.00000000000003 250.00000000000003 96.00000000000003 0 0
236 74.00000000000003 228.00000000000003 74.00000000000003 228.00000000000003 97.00000000000003 236 97.00000000000003 0 0
218.00000000000003 75.00000000000003 209.99999999999997 75.00000000000003 209.99999999999997 87.00000000000003 218.00000000000003 87.00000000000003 0 0
258 71.00000000000003 249 71.00000000000003 249 92.00000000000003 258 92.00000000000003 0 0
275 63.00000000000003 264 63.00000000000003 264 86.00000000000003 275 86.00000000000003 0 0
42.000000000000014 73 25.000000000000007 73 25.000000000000007 97 42.000000000000014 97 0 0
271 115.00000000000004 258 115.00000000000004 258 145.00000000000006 271 145.00000000000006 1 0
301 171.00000000000006 294 171.00000000000006 294 178.00000000000006 301 178.00000000000006 2 0