180 136 161 136 161 170 180 170 0 0
120.00000000000003 120.00000000000003 102.00000000000003 120 102.00000000000003 153 120.00000000000003 153 0 0
143 60.000000000000014 124 60.000000000000014 124 89.00000000000003 143 89.00000000000003 0 0
288 75.00000000000003 271 75.00000000000003 271 104.00000000000003 288 104.00000000000003 0 0
102 45.000000000000014 88 45.000000000000014 88 72 102 72 0 0
93 28.000000000000014 81 28.000000000000007 81 52.000000000000014 93 52.000000000000014 0 0
66 37.00000000000001 54.99999999999999 37 55.00000000000001 59 66 59.000000000000014 0 0
56.00000000000001 63 41.000000000000014 63 41.000000000000014 91 56.00000000000001 91 0 0
15.000000000000009 62 3.000000000000008 62 3.0000000000000093 85 15.000000000000009 85 0 0
7.000000000000011 78 9.552245033349356e-15 78 1.1144285872240916e-14 104 7.000000000000012 104 1 0
313 99.00000000000003 303 99.00000000000003 303 108.00000000000003 313 108.00000000000003 2 0