389 182.00000000000006 368 182.00000000000006 368 223.00000000000006 389 223.00000000000006 0 0
385 85.00000000000006 369 85.00000000000006 369 115.00000000000006 385 115.00000000000006 0 0
397 48.00000000000004 386 48.00000000000004 386 70.00000000000006 397 70.00000000000006 0 0
343 55.00000000000004 332 55.00000000000004 332 79.00000000000003 343 79.00000000000003 0 0
321 87.00000000000003 305 87.00000000000003 305 115.00000000000004 321 115.00000000000004 0 0
126.00000000000004 176 110.00000000000003 176 110.00000000000003 211 126.00000000000004 211 0 0
24.000000000000018 137 4.000000000000016 137 4.000000000000019 171 24.00000000000002 171 0 0
79.00000000000001 96 60.000000000000014 96 60.000000000000014 127 79.00000000000003 127 0 0
114.99999999999999 69 99.99999999999999 69 99.99999999999999 98 114.99999999999999 98 0 0
190 72.00000000000003 179 72.00000000000003 179 99.00000000000003 190 99.00000000000003 0 0
201 88.00000000000003 189 88.00000000000003 189 119.00000000000003 201 119.00000000000003 0 0
224.99999999999997 112.00000000000003 211 112.00000000000003 211 137 224.99999999999997 137 0 0
218.00000000000003 96.00000000000003 208.00000000000003 96.00000000000003 208.00000000000003 116.00000000000003 218.00000000000003 116.00000000000003 0 0
209 60.00000000000002 197 60.00000000000002 197 78.00000000000003 209 78.00000000000003 0 0
203.00000000000003 52.00000000000003 193 52.00000000000003 193 68.00000000000003 203.00000000000003 68.00000000000003 0 0
234.99999999999997 50.00000000000003 224 50.00000000000003 224 70.00000000000003 234.99999999999997 70.00000000000003 0 0
297 55.000000000000036 282 55.00000000000003 282 79.00000000000003 297 79.00000000000003 0 0
285 101.00000000000003 267 101.00000000000003 267 129.00000000000006 285 129.00000000000006 1 0
234 64.00000000000003 228.00000000000003 64.00000000000003 228.00000000000003 70.00000000000003 234 70.00000000000003 2 0