114.99999999999999 71 99.99999999999999 71 99.99999999999999 101 114.99999999999999 101 0 0
151 7.000000000000017 135 7.000000000000016 135 35.000000000000014 151 35.000000000000014 0 0
234.99999999999997 26.00000000000003 219.99999999999997 26.00000000000003 219.99999999999997 54.00000000000003 234.99999999999997 54.00000000000003 0 0
274 90.00000000000003 255.00000000000003 90.00000000000003 255.00000000000003 125.00000000000003 274 125.00000000000003 0 0
326 101.00000000000003 307 101.00000000000003 307 134.00000000000006 326 134.00000000000006 0 0
359 35.00000000000004 344 35.00000000000004 344 66.00000000000004 359 66.00000000000006 0 0
398 36.00000000000004 391 36.00000000000004 391 66.00000000000006 398 66.00000000000006 0 0
318 47.00000000000004 301 47.00000000000004 301 81.00000000000003 318 81.00000000000003 0 0
156 136 131 136 131 164 156 164 0 0
133 134 114.00000000000003 134 114.00000000000003 167 133 167 0 0
104.00000000000003 138 95.00000000000003 138 95.00000000000003 147 104.00000000000003 147 2 0