258 143.00000000000006 239.99999999999997 143.00000000000006 239.99999999999997 177.00000000000006 258 177.00000000000006 0 0
172 138 152 138 152 171 172 171 0 0
61.00000000000001 113 48.000000000000014 113 48.000000000000014 143 61.00000000000001 143 0 0
35.000000000000014 75 22.000000000000007 75 22.00000000000001 102 35.000000000000014 102 0 0
77 86 59.000000000000014 86 59.000000000000014 112 77 112 0 0
104.99999999999999 89 92 89 92 113 104.99999999999999 113 0 0
139 75.00000000000003 127 75.00000000000003 127 99.00000000000003 139 99.00000000000003 0 0
157 89.00000000000003 142 89.00000000000003 142 114.00000000000001 157 114.00000000000001 0 0
194 71.00000000000003 182 71.00000000000003 182 98.00000000000003 194 98.00000000000003 0 0
244.99999999999997 84.00000000000003 234 84.00000000000003 234 115.00000000000004 244.99999999999997 115.00000000000004 0 0
259 85.00000000000003 244.99999999999997 85.00000000000003 244.99999999999997 113.00000000000003 259 113.00000000000003 0 0
300 80.00000000000003 285 80.00000000000003 285 104.00000000000003 300 104.00000000000003 0 0
291 96.00000000000003 277 96.00000000000003 277 127.00000000000003 291 127.00000000000003 0 0
101.00000000000001 109 87 109 87.00000000000001 140 101.00000000000001 140 1 0