41.000000000000014 134 25.000000000000014 134 25.00000000000002 171 41.000000000000014 171 0 0
144 67.00000000000003 129 67.00000000000003 129 97.00000000000003 144 97.00000000000003 0 0
179 55.00000000000002 166 55.000000000000014 166 82.00000000000003 179 82.00000000000003 0 0
186 63.00000000000003 177 63.00000000000003 177 90.00000000000003 186 90.00000000000003 0 0
212 94.00000000000003 198 94.00000000000003 198 125.00000000000003 212 125.00000000000003 0 0
179 121.00000000000001 165 121.00000000000001 165 149 179 149 0 0
171 143 149 143 149 162 171 162 0 0
216 131 195 131 195 163 216 163 0 0
291 142.00000000000006 273 142.00000000000006 273 180.00000000000006 291 180.00000000000006 0 0
390 114.00000000000007 376 114.00000000000007 376 145.00000000000006 390 145.00000000000006 0 0
398 106.00000000000006 390 106.00000000000006 390 132.00000000000006 398 132.00000000000006 0 0
314 128.00000000000006 292 128.00000000000006 292 159.00000000000006 314 159.00000000000006 1 0
187 144 179 144 179 151 187 151 2 0