40.000000000000014 70 24.000000000000007 70 24.00000000000001 91 40.000000000000014 91 0 0
55.000000000000014 90 41.000000000000014 90 41.000000000000014 114.99999999999999 55.000000000000014 114.99999999999999 0 0
84.00000000000001 103 68 103 68.00000000000001 129 84.00000000000003 129 0 0
76 69 60.000000000000014 69 60.000000000000014 93 76 93 0 0
101 78 87 78 87 100 101 100 0 0
144 71.00000000000003 131 71.00000000000003 131 101.00000000000003 144 101.00000000000003 0 0
181 80.00000000000003 166 80.00000000000003 166 109.00000000000003 181 109.00000000000003 0 0
211 57.000000000000036 197 57.000000000000036 197 80.00000000000003 211 80.00000000000003 0 0
212 122.00000000000004 193 122.00000000000004 193 154 212 154 0 0
157 73.00000000000003 147 73.00000000000003 147 89.00000000000003 157 89.00000000000003 0 0
315 67.00000000000003 300 67.00000000000003 300 90.00000000000003 315 90.00000000000003 0 0
319 92.00000000000003 301 92.00000000000003 301 120.00000000000003 319 120.00000000000003 0 0
299 79.00000000000003 284 79.00000000000003 284 106.00000000000003 299 106.00000000000003 0 0
287 77.00000000000003 271 77.00000000000003 271 108.00000000000003 287 108.00000000000003 0 0
273 138.00000000000006 253 138.00000000000006 253 176.00000000000006 273 176.00000000000006 0 0
149 97.00000000000003 133 97.00000000000003 133 128 149 128 1 0
126 35.000000000000014 119.99999999999999 35.000000000000014 119.99999999999999 41.000000000000014 126 41.000000000000014 2 0