282 192.00000000000006 262 192.00000000000006 262 224.00000000000006 282 224.00000000000006 0 0
168 137 148 137 148 171 168 171 0 0
48.00000000000002 146 28.00000000000002 146 28.00000000000002 177 48.00000000000003 177 0 0
17.000000000000014 91 3.0000000000000115 91 3.0000000000000133 123.00000000000001 17.000000000000014 123.00000000000001 0 0
24.00000000000001 68 9.000000000000007 68 9.000000000000009 95 24.000000000000014 95 0 0
63.00000000000002 74 46.000000000000014 74 46.000000000000014 102 63.00000000000002 102 0 0
73 46.000000000000014 62 46.000000000000014 62 73 73 73 0 0
82 52.000000000000014 70 52.000000000000014 70 82 82 82 0 0
159 62.000000000000014 146 62.000000000000014 146 89.00000000000003 159 89.00000000000003 0 0
184 83.00000000000003 169 83.00000000000003 169 112.00000000000003 184 112.00000000000003 0 0
221 64.00000000000003 208.00000000000003 64.00000000000003 208.00000000000003 90.00000000000003 221 90.00000000000003 0 0
271 59.00000000000003 259 59.00000000000003 259 84.00000000000003 271 84.00000000000003 0 0
290 57.000000000000036 278 57.000000000000036 278 80.00000000000003 290 80.00000000000003 0 0
376 62.00000000000004 362 62.00000000000004 362 88.00000000000006 376 88.00000000000006 0 0
282 39.00000000000003 269 39.00000000000003 269 59.00000000000003 282 59.00000000000003 0 0
266 46.00000000000003 255.00000000000003 46.00000000000003 255.00000000000003 63.00000000000003 266 63.00000000000003 0 0
237 52.00000000000003 224 52.00000000000003 224 78.00000000000003 237 78.00000000000003 0 0
291 79.00000000000003 275 79.00000000000003 275 109.00000000000003 291 109.00000000000003 1 0
234 70.00000000000003 228.00000000000003 70.00000000000003 228.00000000000003 77.00000000000003 234 77.00000000000003 2 0