288 134.00000000000006 273 134.00000000000006 273 167.00000000000006 288 167.00000000000006 0 0
330 87.00000000000003 315 87.00000000000003 315 119.00000000000003 330 119.00000000000003 0 0
303 51.000000000000036 290 51.00000000000003 290 75.00000000000003 303 75.00000000000003 0 0
251 44.00000000000003 238 44.00000000000003 238 66.00000000000003 251 66.00000000000003 0 0
267 65.00000000000003 254 65.00000000000003 254 94.00000000000003 267 94.00000000000003 0 0
14.000000000000021 161 1.9716813466272387e-14 161 2.198241004469499e-14 198 14.000000000000025 198 0 0
37.000000000000014 89 22.000000000000014 89 22.000000000000014 116.00000000000001 37.000000000000014 116.00000000000001 0 0
63.00000000000002 61.00000000000001 44.000000000000014 60.99999999999999 44.000000000000014 83 63.00000000000002 83 0 0
104.00000000000001 62.000000000000014 91 62.000000000000014 91 86 104.00000000000001 86 0 0
104.99999999999999 81 91 81 91 106 104.99999999999999 106 0 0
123 73.00000000000001 111 73 111 98.00000000000001 123 98.00000000000003 0 0
139 79.00000000000003 126 79.00000000000003 126 105.00000000000003 139 105.00000000000003 0 0
163 64.00000000000003 151 64.00000000000003 151 88.00000000000003 163 88.00000000000003 0 0
194 99.00000000000003 177 99.00000000000003 177 126.00000000000003 194 126.00000000000003 0 0
204 79.00000000000003 192 79.00000000000003 192 105.00000000000003 204 105.00000000000003 0 0
312 69.00000000000003 303 69.00000000000003 303 87.00000000000003 312 87.00000000000003 0 0
314 85.00000000000003 301 85.00000000000003 301 106.00000000000003 314 106.00000000000003 0 0
211 89.00000000000003 198 89.00000000000003 198 116.00000000000003 211 116.00000000000003 1 0
147 81.00000000000003 141 81.00000000000003 141 88.00000000000003 147 88.00000000000003 2 0