84 52.000000000000014 71 52.000000000000014 71 74 84 74 0 0
18.000000000000014 96 6.000000000000012 96 6.000000000000014 127 18.000000000000014 127 0 0
57.000000000000014 105 41.000000000000014 105 41.000000000000014 137 57.000000000000014 137 0 0
112.00000000000001 130 95.00000000000003 130 95.00000000000003 163 112.00000000000001 163 0 0
163 109.00000000000003 149 109.00000000000003 149 139 163 139 0 0
190 63.00000000000003 174 63.000000000000014 174 91.00000000000003 190 91.00000000000003 0 0
239.99999999999997 60.00000000000002 223.00000000000003 60.00000000000002 223.00000000000003 84.00000000000003 239.99999999999997 84.00000000000003 0 0
295 68.00000000000003 281 68.00000000000003 281 93.00000000000003 295 93.00000000000003 0 0
327 97.00000000000003 309 97.00000000000003 309 125.00000000000003 327 125.00000000000003 0 0
346 137.00000000000006 328 137.00000000000006 328 170.00000000000006 346 170.00000000000006 0 0
260 135.00000000000006 243 135.00000000000006 243 168.00000000000006 260 168.00000000000006 0 0
138 146 123.00000000000003 146 123.00000000000003 175 138 175 0 0
255.00000000000003 102.00000000000003 242 102.00000000000003 242 131.00000000000006 255.00000000000003 131.00000000000006 0 0
250.00000000000003 94.00000000000003 243 94.00000000000003 243 101.00000000000003 250.00000000000003 101.00000000000003 2 0