114.00000000000003 118 97.00000000000003 118 97.00000000000003 153 114.00000000000003 153 0 0
27.00000000000001 105 7.000000000000012 105 7.000000000000015 140 27.00000000000001 140 0 0
219.99999999999997 37.00000000000003 204.99999999999997 37.00000000000003 204.99999999999997 66.00000000000003 219.99999999999997 66.00000000000003 0 0
164 130 146 130 146 163 164 163 0 0
261 40.00000000000003 247 40.00000000000003 247 69.00000000000003 261 69.00000000000003 0 0
292 11.000000000000036 279 11.000000000000036 279 40.000000000000036 292 40.00000000000004 0 0
306 71.00000000000003 289 71.00000000000003 289 101.00000000000003 306 101.00000000000003 0 0
312 122.00000000000004 298 122.00000000000004 298 158.00000000000006 312 158.00000000000006 0 0
327 129.00000000000006 309 129.00000000000006 309 162.00000000000006 327 162.00000000000006 0 0
185 132 166 132 166 162 185 162 0 0
398 92.00000000000006 390 92.00000000000006 390 127.00000000000004 398 127.00000000000004 1 0