31.000000000000014 96 8.00000000000001 96 8.000000000000012 129 31.000000000000014 129 0 0
144 106.00000000000001 116 106 116.00000000000001 138 144 138 0 0
157 133 135 133 135 169 157 169 0 0
176 139 154 139 154 171 176 171 0 0
201 26.00000000000002 184 26.00000000000002 184 54.00000000000003 201 54.00000000000003 0 0
244.99999999999997 31.00000000000003 228.00000000000003 31.00000000000003 228.00000000000003 59.00000000000003 244.99999999999997 59.00000000000003 0 0
280 3.331039293680801e-14 264 3.2330675497490123e-14 264 26.000000000000036 280 26.000000000000036 0 0
298 55.000000000000036 283 55.00000000000003 283 86.00000000000003 298 86.00000000000003 0 0
310 111.00000000000003 293 111.00000000000003 293 152.00000000000006 310 152.00000000000006 0 0
329 119.00000000000003 311 119.00000000000003 311 157.00000000000006 329 157.00000000000006 0 0
395 80.00000000000006 378 80.00000000000006 378 113.00000000000004 395 113.00000000000004 1 0