46.000000000000014 133 21.000000000000014 133 21.000000000000018 169 46.000000000000014 169 0 0
153 130 135 130 135 158 153 158 0 0
181 63.00000000000003 166 63.000000000000014 166 89.00000000000003 181 89.00000000000003 0 0
219 62.00000000000003 203.00000000000003 62.00000000000003 203.00000000000003 89.00000000000003 219 89.00000000000003 0 0
250.00000000000003 45.00000000000003 232 45.00000000000003 232 68.00000000000003 250.00000000000003 68.00000000000003 0 0
246 95.00000000000003 231 95.00000000000003 231 122.00000000000004 246 122.00000000000004 0 0
170 130 151 130 151 157 170 157 0 0
260 138.00000000000006 242 138.00000000000006 242 172.00000000000006 260 172.00000000000006 0 0
302 142.00000000000006 285 142.00000000000006 285 178.00000000000006 302 178.00000000000006 0 0
365 119.00000000000006 345 119.00000000000003 345 153.00000000000006 365 153.00000000000006 1 0
178 146 170 146 170 153 178 153 2 0