382 98.00000000000006 368 98.00000000000006 368 130.00000000000006 382 130.00000000000006 0 0
300 30.000000000000036 290 30.000000000000036 290 50.000000000000036 300 50.00000000000004 0 0
136 13.000000000000016 126 13.000000000000014 126 34.000000000000014 136 34.000000000000014 0 0
91 32.000000000000014 80 32.000000000000014 80 51.000000000000014 91 51.000000000000014 0 0
149 82.00000000000003 137 82.00000000000003 137 106.00000000000003 149 106.00000000000003 0 0
78.00000000000003 151 63.00000000000002 151 63.00000000000002 179 78.00000000000003 179 0 0
61.00000000000001 98 47.000000000000014 98 47.000000000000014 121.99999999999999 61.00000000000001 121.99999999999999 0 0
39.000000000000014 80 25.000000000000007 80 25.000000000000007 104 39.000000000000014 104 0 0
11.000000000000009 70 8.572527594031473e-15 70 9.919639073093561e-15 92 11.00000000000001 92 0 0
191 85.00000000000003 176 85.00000000000003 176 105.00000000000003 191 105.00000000000003 0 0
193 63.00000000000003 181 63.00000000000003 181 86.00000000000003 193 86.00000000000003 0 0
206 69.00000000000003 195 69.00000000000003 195 89.00000000000003 206 89.00000000000003 0 0
18.000000000000014 95 5.000000000000012 95 5.000000000000013 121.99999999999999 18.000000000000014 121.99999999999999 1 0
277 100.00000000000003 267 100.00000000000003 267 108.00000000000003 277 108.00000000000003 2 0