90 69 75 69 75 99 90 99 0 0
74.00000000000001 93 56.00000000000001 93 56.00000000000001 126 74.00000000000003 126 0 0
34.000000000000014 136 17.000000000000014 136 17.000000000000018 170 34.000000000000014 170 0 0
159 76.00000000000003 145 76.00000000000003 145 105.00000000000003 159 105.00000000000003 0 0
139 167 120.00000000000003 167 120.00000000000003 202 139 202 0 0
184 45.00000000000002 172 45.000000000000014 172 69.00000000000003 184 69.00000000000003 0 0
208.00000000000003 87.00000000000003 190 87.00000000000003 190 115.00000000000004 208.00000000000003 115.00000000000004 0 0
202 52.00000000000003 190 52.00000000000003 190 74.00000000000003 202 74.00000000000003 0 0
219 47.00000000000003 207 47.00000000000003 207 70.00000000000003 219 70.00000000000003 0 0
288 46.00000000000003 273 46.00000000000003 273 67.00000000000003 288 67.00000000000003 0 0
236 90.00000000000003 226 90.00000000000003 226 108.00000000000003 236 108.00000000000003 0 0
248 105.00000000000003 229.99999999999997 105.00000000000003 229.99999999999997 132.00000000000003 248 132.00000000000006 0 0
395 170.00000000000006 375 170.00000000000006 375 208.00000000000006 395 208.00000000000006 0 0
394 45.00000000000004 382 45.00000000000004 382 71.00000000000006 394 71.00000000000006 0 0
365 50.00000000000004 348 50.00000000000004 348 73.00000000000004 365 73.00000000000006 0 0
358 79.00000000000004 346 79.00000000000003 346 107.00000000000004 358 107.00000000000006 0 0
348 85.00000000000003 337 85.00000000000003 337 111.00000000000003 348 111.00000000000003 0 0
293 95.00000000000003 277 95.00000000000003 277 124.00000000000003 293 124.00000000000003 1 0
214 61.00000000000003 208.00000000000003 61.00000000000003 208.00000000000003 67.00000000000003 214 67.00000000000003 2 0