27.000000000000018 138 14.000000000000016 138 14.00000000000002 171 27.00000000000002 171 0 0
136 173 116.00000000000004 173 116.00000000000004 207 136 207 0 0
79.00000000000001 95 59.000000000000014 95 59.000000000000014 126 79.00000000000003 126 0 0
101 70 88 70 88 97 101 97 0 0
179 75.00000000000003 167 75.00000000000003 167 103.00000000000003 179 103.00000000000003 0 0
192 48.00000000000003 181 48.00000000000003 181 70.00000000000003 192 70.00000000000003 0 0
204 55.00000000000003 191 55.00000000000003 191 77.00000000000003 204 77.00000000000003 0 0
226 47.00000000000003 214 47.00000000000003 214 64.00000000000003 226 64.00000000000003 0 0
202 89.00000000000003 189 89.00000000000003 189 118.00000000000003 202 118.00000000000003 0 0
237 109.00000000000003 219.99999999999997 109.00000000000003 219.99999999999997 138.00000000000003 237 138.00000000000006 0 0
229 94.00000000000003 218.00000000000003 94.00000000000003 218.00000000000003 112.00000000000003 229 112.00000000000003 0 0
294 52.000000000000036 284 52.00000000000003 284 73.00000000000003 294 73.00000000000003 0 0
338 85.00000000000003 320 85.00000000000003 320 113.00000000000003 338 113.00000000000003 0 0
355 52.00000000000004 341 52.00000000000004 341 73.00000000000004 355 73.00000000000006 0 0
397 47.00000000000004 384 47.00000000000004 384 73.00000000000006 397 73.00000000000006 0 0
372 82.00000000000006 358 82.00000000000006 358 111.00000000000006 372 111.00000000000006 0 0
391 177.00000000000006 372 177.00000000000006 372 217.00000000000006 391 217.00000000000006 0 0
219 61.00000000000003 213.00000000000003 61.00000000000003 213.00000000000003 67.00000000000003 219 67.00000000000003 2 0