162 87.00000000000003 147 87.00000000000003 147 115.00000000000004 162 115.00000000000004 0 0
136 141 121.00000000000004 141 121.00000000000004 176 136 176 0 0
117.00000000000001 184 99.00000000000003 184 99.00000000000003 218 117.00000000000001 218 0 0
211 186 193 186 193 219 211 219 0 0
307 145.00000000000006 290 145.00000000000006 290 178.00000000000006 307 178.00000000000006 0 0
229.99999999999997 124.00000000000003 214.99999999999997 124.00000000000003 214.99999999999997 153 229.99999999999997 153 0 0
212 96.00000000000003 197 96.00000000000003 197 120.00000000000003 212 120.00000000000003 0 0
190 67.00000000000003 176 67.00000000000003 176 90.00000000000003 190 90.00000000000003 0 0
261 70.00000000000003 244 70.00000000000003 244 94.00000000000003 261 94.00000000000003 0 0
261 94.00000000000003 244.99999999999997 94.00000000000003 244.99999999999997 122.00000000000004 261 122.00000000000004 0 0
311 83.00000000000003 296 83.00000000000003 296 103.00000000000003 311 103.00000000000003 0 0
361 97.00000000000004 344 97.00000000000003 344 127.00000000000004 361 127.00000000000004 0 0
398 80.00000000000006 388 80.00000000000006 388 102.00000000000006 398 102.00000000000006 0 0
387 57.00000000000004 374 57.00000000000004 374 74.00000000000006 387 74.00000000000006 0 0
320 93.00000000000003 305 93.00000000000003 305 119.00000000000003 320 119.00000000000003 1 0