126 37.000000000000014 113 37.000000000000014 113 56.000000000000014 126 56.000000000000014 0 0
178 20.00000000000002 168 20.00000000000002 168 39.00000000000002 178 39.00000000000003 0 0
338 36.00000000000004 327 36.00000000000004 327 60.00000000000005 338 60.00000000000005 0 0
214.99999999999997 66.00000000000003 204 66.00000000000003 204 88.00000000000003 214.99999999999997 88.00000000000003 0 0
202 91.00000000000003 188 91.00000000000003 188 117.00000000000003 202 117.00000000000003 0 0
87.00000000000001 97 74 97 74.00000000000001 123.00000000000001 87.00000000000003 123.00000000000001 0 0
99.00000000000003 149 84.00000000000003 149 84.00000000000003 178 99.00000000000003 178 0 0
64 83 51.000000000000014 83 51.000000000000014 105 64 105 0 0
56.00000000000001 74 46.000000000000014 74 46.000000000000014 97 56.00000000000001 97 0 0
218.00000000000003 88.00000000000003 206 88.00000000000003 206 112.00000000000003 218.00000000000003 112.00000000000003 0 0
247 73.00000000000003 236 73.00000000000003 236 92.00000000000003 247 92.00000000000003 0 0
53.00000000000002 100 40.000000000000014 100 40.000000000000014 126 53.00000000000002 126 1 0
250.00000000000003 90.00000000000003 243 90.00000000000003 243 96.00000000000003 250.00000000000003 96.00000000000003 2 0