318 116.00000000000003 304 116.00000000000003 304 146.00000000000006 318 146.00000000000006 0 0
296 117.00000000000003 282 117.00000000000003 282 146.00000000000006 296 146.00000000000006 0 0
188 200 172 200 172 224 188 224 0 0
166 144 151 144 151 173 166 173 0 0
74.00000000000003 155 58.00000000000002 155 58.00000000000002 190 74.00000000000003 190 0 0
72.00000000000003 124 55.000000000000014 124 55.000000000000014 151 72.00000000000003 151 0 0
166 94.00000000000003 152 94.00000000000003 152 122.00000000000004 166 122.00000000000004 0 0
165 73.00000000000003 152 73.00000000000003 152 94.00000000000003 165 94.00000000000003 0 0
48 32 36 32 36 50 48 50 0 0
274 69.00000000000003 258 69.00000000000003 258 96.00000000000003 274 96.00000000000003 0 0
263 90.00000000000003 257 90.00000000000003 257 95.00000000000003 263 95.00000000000003 2 0