1139 363.00000000000017 1081 363.00000000000017 1081 462.0000000000001 1139 462.0000000000001 0 0
1212 203.00000000000017 1144 203.0000000000001 1144 306.0000000000001 1212 306.0000000000001 0 0
1058 168.0000000000001 1004 168.0000000000001 1004 261.0000000000001 1058 261.0000000000001 0 0
871 228.0000000000001 818 228.0000000000001 818 331.0000000000001 871 331.0000000000001 0 0
770 194.0000000000001 726 194.0000000000001 726 283.0000000000001 770 283.0000000000001 0 0
713 230.0000000000001 664 230.00000000000006 664 325.0000000000001 713 325.0000000000001 0 0
817 309.0000000000001 752 309.0000000000001 752 396.0000000000001 817 396.0000000000001 0 0
645 234.00000000000006 592 234.00000000000006 592 321.0000000000001 645 321.0000000000001 0 0
592 298.0000000000001 540 298.0000000000001 540 402.0000000000001 592 402.0000000000001 0 0
460 312 406 312 406 422 460 422 0 0
410.00000000000006 441.00000000000006 357 441.00000000000006 357 566 410.0000000000001 566 0 0
381.0000000000001 402 321 402 321.0000000000001 520 381.0000000000001 520 0 0
348 203.00000000000003 297 203.00000000000003 297 304 348 304 0 0
736 356.0000000000001 667 356.0000000000001 667 459.0000000000001 736 459.0000000000001 0 0
576 271.0000000000001 537 271.0000000000001 537 371.0000000000001 576 371.0000000000001 0 0
1013 400.0000000000001 968 400.0000000000001 968 516.0000000000002 1013 516.0000000000002 1 0
755 457.0000000000001 722 457.0000000000001 722 486.0000000000001 755 486.0000000000001 2 0