323.0000000000001 586 272.0000000000001 586 272.0000000000001 685 323.0000000000001 685 0 0
522 577 474.0000000000001 577 474.0000000000001 675 522 675 0 0
683 522 639 522 639 619 683 619 0 0
746 374.0000000000001 710 374.0000000000001 710 455.0000000000001 746 455.0000000000001 0 0
902 378.0000000000001 860 378.0000000000001 860 459.0000000000001 902 459.0000000000001 0 0
998 344.0000000000001 944 344.0000000000001 944 419.0000000000001 998 419.0000000000001 0 0
959 418.0000000000001 918 418.0000000000001 918 494.00000000000006 959 494.00000000000006 0 0
816 265.0000000000001 777 265.0000000000001 777 330.0000000000001 816 330.0000000000001 0 0
789 238.0000000000001 757 238.0000000000001 757 291.0000000000001 789 291.0000000000001 0 0
1042 183.0000000000001 1006 183.0000000000001 1006 240.0000000000001 1042 240.0000000000001 0 0
490 198.00000000000006 459 198.00000000000006 459 262.00000000000006 490 262.0000000000001 0 0
490 256.00000000000006 454 256 454 313.00000000000006 490 313.0000000000001 0 0
539 267.0000000000001 507 267.0000000000001 507 331.0000000000001 539 331.0000000000001 0 0
295 345 248.00000000000006 345 248.00000000000006 421 295 421 1 0
617 279.0000000000001 593 279.0000000000001 593 297.0000000000001 617 297.0000000000001 2 0