70.00000000000006 398 28.00000000000005 398 28.00000000000005 478 70.00000000000006 478 0 0
487.0000000000001 497.00000000000006 422.0000000000001 497 422.0000000000001 588 487.0000000000001 588 0 0
535 369.0000000000001 481 369.0000000000001 481 448.0000000000001 535 448.0000000000001 0 0
620 580 551 580 551 687 620 687 0 0
842 437.0000000000001 769 437.0000000000001 769 528 842 528 0 0
600 175.00000000000006 557 175.00000000000006 557 235.00000000000006 600 235.00000000000006 0 0
720 77.00000000000009 683 77.00000000000009 683 140.00000000000009 720 140.0000000000001 0 0
719 38.000000000000085 689 38.000000000000085 689 85.00000000000009 719 85.00000000000009 0 0
746 31.00000000000009 719 31.000000000000085 719 79.00000000000009 746 79.00000000000009 0 0
908 129.0000000000001 870 129.0000000000001 870 197.0000000000001 908 197.0000000000001 0 0
575 137.00000000000006 548 137.00000000000006 548 197.00000000000006 575 197.00000000000006 0 0
954 462.0000000000001 920 462.0000000000001 920 557.0000000000001 954 557.0000000000002 0 0
930 457.0000000000001 889 457.0000000000001 889 543.0000000000001 930 543.0000000000002 0 0
39.00000000000001 22.000000000000004 13.000000000000004 22 13.000000000000007 80 39.000000000000014 80 0 0
110 8.000000000000012 79 8.00000000000001 79 62.00000000000001 110 62.00000000000001 0 0
367 179.00000000000006 323 179.00000000000006 323 248.00000000000003 367 248.00000000000003 1 0
907 427.00000000000006 884 427.00000000000006 884 450.00000000000006 907 450.00000000000006 2 0