440 333 409 333 409 412 440 412 0 0
482 321.00000000000006 440 321 440 383.00000000000006 482 383.00000000000006 0 0
679 139.00000000000006 648 139.00000000000006 648 196.00000000000006 679 196.00000000000006 0 0
719 168.00000000000009 666 168.00000000000006 666 223.00000000000009 719 223.0000000000001 0 0
771 205.0000000000001 732 205.0000000000001 732 274.0000000000001 771 274.0000000000001 0 0
802 228.0000000000001 768 228.0000000000001 768 296.0000000000001 802 296.0000000000001 0 0
835 272.0000000000001 784 272.0000000000001 784 350.0000000000001 835 350.0000000000001 0 0
979 334.0000000000001 935 334.0000000000001 935 430.00000000000017 979 430.00000000000017 0 0
1122 433.0000000000001 1057 433.0000000000001 1057 520.0000000000002 1122 520.0000000000002 0 0
986 522.0000000000001 910 522 910 617.0000000000001 986 617.0000000000002 0 0
1241 649.0000000000002 1152 649.0000000000002 1152 720.0000000000001 1241 720.0000000000001 0 0
707 469.0000000000001 652 469.0000000000001 652 563 707 563 0 0
725 372.0000000000001 689 372.0000000000001 689 449.00000000000006 725 449.00000000000006 0 0
716 303.0000000000001 686 303.0000000000001 686 373.0000000000001 716 373.0000000000001 0 0
742 278.0000000000001 706 278.0000000000001 706 352.0000000000001 742 352.0000000000001 0 0
784 353.0000000000001 743 353.0000000000001 743 437.0000000000001 784 437.0000000000001 0 0
466 250.00000000000006 420 250.00000000000006 420 324.00000000000006 466 324.0000000000001 1 0
469 391.00000000000006 451 390.99999999999994 451 410.00000000000006 469 410.0000000000001 2 0