534 220.00000000000006 486 220.00000000000006 486 285.0000000000001 534 285.0000000000001 0 0
446 183.00000000000006 400 183.00000000000006 400 239.00000000000006 446 239.00000000000006 0 0
605 113.00000000000009 563 113.00000000000006 563 170.00000000000006 605 170.00000000000006 0 0
650 96.00000000000009 618 96.00000000000009 618 141.00000000000006 650 141.00000000000006 0 0
820 193.0000000000001 775 193.0000000000001 775 259.0000000000001 820 259.0000000000001 0 0
667 390.0000000000001 615 390.0000000000001 615 477.00000000000017 667 477.00000000000017 0 0
434.0000000000001 497 372.0000000000001 497 372.0000000000001 590 434.0000000000001 590 0 0
632 516 571 516 571 608 632 608 0 0
782 540 686 540 686 584 782 584 0 0
884 400.0000000000001 827 400.0000000000001 827 473.00000000000006 884 473.00000000000006 0 0
916 466.0000000000001 857 466.0000000000001 857 557 916 557 0 0
295 228.00000000000006 244 228.00000000000006 244.00000000000003 296 295 296 1 0
921 451.00000000000006 900 451.00000000000006 900 468.0000000000001 921 468.0000000000001 2 0