122.00000000000003 221 81.00000000000003 221 81.00000000000003 310 122.00000000000003 310 0 0
209.00000000000006 233 173.00000000000006 233 173.00000000000006 319 209.00000000000006 319 0 0
238.00000000000006 349 179.00000000000006 349 179.00000000000006 460.99999999999994 238.00000000000006 460.99999999999994 0 0
385 146.00000000000006 349 146.00000000000006 349 213.00000000000006 385 213.00000000000006 0 0
529 281.0000000000001 486 281.0000000000001 486 367.0000000000001 529 367.0000000000001 0 0
899 172.0000000000001 859 172.0000000000001 859 252.0000000000001 899 252.0000000000001 0 0
911 379.0000000000001 854 379.0000000000001 854 485.0000000000001 911 485.0000000000001 0 0
950 517.0000000000001 880 517 880 644.0000000000001 950 644.0000000000002 0 0
980 384.00000000000006 932 384.00000000000006 932 487.0000000000001 980 487.0000000000001 0 0
49.00000000000005 326 1.00000000000004 326 1.0000000000000457 421 49.00000000000006 421 1 0
547 260.0000000000001 521 260.0000000000001 521 287.0000000000001 547 287.0000000000001 2 0