1008 221.00000000000009 965 221.00000000000009 965 286.0000000000001 1008 286.0000000000001 0 0
981 318.0000000000001 938 318.0000000000001 938 405.00000000000006 981 405.00000000000006 0 0
1068 476.00000000000017 1016 476.00000000000017 1016 579.0000000000002 1068 579.0000000000002 0 0
764 530 716 530 716 629 764 629 0 0
511.0000000000001 575 450.0000000000001 575 450.0000000000001 693 511.0000000000001 693 0 0
295.0000000000001 631 240.00000000000006 631 240.00000000000006 720 295.0000000000001 720 0 0
677 371.0000000000001 633 371.0000000000001 633 451.00000000000006 677 451.00000000000006 0 0
841 300.0000000000001 801 300.0000000000001 801 380.0000000000001 841 380.0000000000001 0 0
910 346.0000000000001 863 346.0000000000001 863 431.00000000000017 910 431.00000000000017 0 0
781 252.0000000000001 746 252.0000000000001 746 314.0000000000001 781 314.0000000000001 0 0
686 276.0000000000001 645 276.0000000000001 645 348.0000000000001 686 348.0000000000001 0 0
545 257.0000000000001 512 257.0000000000001 512 325.0000000000001 545 325.0000000000001 0 0
492 238.00000000000009 457 238.00000000000009 457 303.00000000000006 492 303.0000000000001 0 0
234.00000000000006 334 194.00000000000006 334 194.00000000000006 413 234.00000000000006 413 1 0
508 282.0000000000001 494 282.0000000000001 494 300.0000000000001 508 300.0000000000001 2 0