913 163.0000000000001 873 163.0000000000001 873 226.0000000000001 913 226.0000000000001 0 0
603 188.00000000000006 571 188.00000000000006 571 260.0000000000001 603 260.0000000000001 0 0
721 267.0000000000001 683 267.0000000000001 683 350.0000000000001 721 350.0000000000001 0 0
770 335.0000000000001 723 335.0000000000001 723 435.0000000000001 770 435.0000000000001 0 0
1038 359.0000000000001 991 359.0000000000001 991 452.00000000000017 1038 452.00000000000017 0 0
1000 240.0000000000001 963 240.0000000000001 963 319.0000000000001 1000 319.0000000000001 0 0
1042 252.0000000000001 1006 252.0000000000001 1006 326.0000000000001 1042 326.0000000000001 0 0
570 211.00000000000006 538 211.00000000000006 538 281.0000000000001 570 281.0000000000001 0 0
333 233.00000000000006 296 233.00000000000006 296 313 333 313 0 0
347 321 296 321 296 413 347 413 0 0
297.00000000000006 406 261 406 261.00000000000006 504.99999999999994 297.0000000000001 504.99999999999994 0 0
337 433 285 433 285.00000000000006 524 337.0000000000001 524 0 0
570 547 511.0000000000001 547 511.0000000000001 662 570 662 0 0
915 308.0000000000001 868 308.0000000000001 868 400.0000000000001 915 400.0000000000001 1 0
612 171.00000000000006 590 171.00000000000006 590 192.00000000000003 612 192.00000000000003 2 0