1209 386.00000000000017 1156 386.00000000000017 1156 492.0000000000001 1209 492.0000000000001 0 0
997 227.0000000000001 954 227.0000000000001 954 320.0000000000001 997 320.0000000000001 0 0
934 189.0000000000001 885 189.0000000000001 885 275.0000000000001 934 275.0000000000001 0 0
749 247.0000000000001 713 247.0000000000001 713 343.0000000000001 749 343.0000000000001 0 0
703 209.00000000000009 653 209.00000000000006 653 298.0000000000001 703 298.0000000000001 0 0
652 245.00000000000006 596 245.00000000000006 596 340.0000000000001 652 340.0000000000001 0 0
565 257.0000000000001 523 257.0000000000001 523 342.0000000000001 565 342.0000000000001 0 0
712 360.00000000000006 664 360.00000000000006 664 462.0000000000001 712 462.0000000000001 0 0
784 332.0000000000001 709 332.0000000000001 709 416.0000000000001 784 416.0000000000001 0 0
969 354.0000000000001 922 354.0000000000001 922 449.00000000000006 969 449.00000000000006 0 0
308.00000000000006 464.00000000000006 254.00000000000006 464.00000000000006 254.00000000000006 592 308.0000000000001 592 0 0
315.00000000000006 409 279 409 279.00000000000006 524 315.0000000000001 524 0 0
404 328 346 328 346 435.99999999999994 404 435.99999999999994 0 0
522 320.0000000000001 476 320.0000000000001 476 420.0000000000001 522 420.0000000000001 0 0
511 284.0000000000001 465 284.0000000000001 465 372.0000000000001 511 372.0000000000001 0 0
246 222 197 222 197.00000000000003 314 246.00000000000006 314 0 0
895 414.0000000000001 857 414.0000000000001 857 531 895 531 1 0
919 420.0000000000001 891 420.0000000000001 891 444.0000000000001 919 444.0000000000001 2 0