678 556 609 556 609 618 678 618 0 0
609 527 563 527 563 627 609 627 0 0
389.0000000000001 526 349.0000000000001 526 349.0000000000001 620 389.0000000000001 620 0 0
695 410.0000000000001 639 410.0000000000001 639 490.0000000000001 695 490.0000000000001 0 0
418 218.00000000000006 369 218.00000000000006 369 273 418 273 0 0
501 250.00000000000006 460 250.00000000000006 460 316.00000000000006 501 316.0000000000001 0 0
563 148.00000000000006 521 148.00000000000006 521 203.00000000000003 563 203.00000000000003 0 0
626 138.00000000000006 592 138.00000000000006 592 190.00000000000006 626 190.00000000000006 0 0
809 243.00000000000009 753 243.00000000000009 753 305.0000000000001 809 305.0000000000001 0 0
881 414.0000000000001 836 414.0000000000001 836 473.00000000000006 881 473.00000000000006 0 0
882 462.0000000000001 839 462.0000000000001 839 550 882 550 0 0
265 271 214.00000000000006 271 214.00000000000006 337 265 337 1 0
896 458.0000000000001 877 458.0000000000001 877 474.00000000000006 896 474.00000000000006 2 0