1183 570.0000000000002 1121 570.0000000000002 1121 680.0000000000002 1183 680.0000000000002 0 0
1048 399.0000000000001 997 399.0000000000001 997 498.00000000000017 1048 498.00000000000017 0 0
925 495.00000000000006 874 495.00000000000006 874 591 925 591 0 0
447.0000000000001 499 389.0000000000001 499 389.0000000000001 605 447.0000000000001 605 0 0
355 337 313 337 313 417.00000000000006 355 417.00000000000006 0 0
415 348 380 348 380 432 415 432 0 0
535 164.00000000000006 501 164.00000000000006 501 236.00000000000003 535 236.00000000000003 0 0
587 174.00000000000006 561 174.00000000000006 561 212.00000000000006 587 212.00000000000006 0 0
605 200.00000000000006 570 200.00000000000006 570 272.0000000000001 605 272.0000000000001 0 0
668 237.00000000000003 625 237.00000000000003 625 301.0000000000001 668 301.0000000000001 0 0
732 269.0000000000001 690 269.0000000000001 690 354.0000000000001 732 354.0000000000001 0 0
822 318.0000000000001 770 318.0000000000001 770 406.00000000000006 822 406.00000000000006 0 0
565 278.0000000000001 527 278.0000000000001 527 352.0000000000001 565 352.0000000000001 0 0
616 351.0000000000001 576 351.0000000000001 576 424.0000000000001 616 424.0000000000001 0 0
590 297.0000000000001 562 297.0000000000001 562 334.0000000000001 590 334.0000000000001 0 0
599 328.0000000000001 566 328.0000000000001 566 364.00000000000017 599 364.00000000000017 0 0
272 244.00000000000006 235.00000000000006 244.00000000000006 235.00000000000006 315 272 315 1 0
634 315.0000000000001 612 315.0000000000001 612 334.0000000000001 634 334.0000000000001 2 0