352 390.99999999999994 300 390.99999999999994 300.00000000000006 523 352.0000000000001 523 0 0
502 341.00000000000006 450 341 450 457.00000000000006 502 457.0000000000001 0 0
801 342.0000000000001 738 342.0000000000001 738 460.0000000000001 801 460.0000000000001 0 0
1011 259.0000000000001 951 259.0000000000001 951 356.0000000000001 1011 356.0000000000001 0 0
1113 230.0000000000001 1059 230.0000000000001 1059 347.0000000000001 1113 347.0000000000001 0 0
462 284 392 284 392 390 462 390 0 0
537 202.00000000000003 475 202.00000000000003 475 308.0000000000001 537 308.0000000000001 0 0
571 239.00000000000006 502 239.00000000000006 502 339.0000000000001 571 339.0000000000001 0 0
601 254.00000000000006 545 254.00000000000006 545 350.0000000000001 601 350.0000000000001 0 0
785 215.0000000000001 718 215.0000000000001 718 314.0000000000001 785 314.0000000000001 0 0
764 185.0000000000001 713 185.0000000000001 713 274.0000000000001 764 274.0000000000001 0 0
1280 390.0000000000001 1231 390.0000000000001 1231 526.0000000000002 1280 526.0000000000002 1 0
425.00000000000006 454 393 454 393.00000000000006 482.99999999999994 425.0000000000001 482.99999999999994 2 0