203.00000000000006 373.00000000000006 144.00000000000006 373.00000000000006 144.00000000000006 470 203.00000000000006 470 0 0
244.00000000000006 306 182.00000000000006 306 182.00000000000006 401 244.00000000000006 401 0 0
331 235.00000000000006 291 235.00000000000006 291 316 331 316 0 0
539 192.00000000000003 500 192.00000000000003 500 261.0000000000001 539 261.0000000000001 0 0
666 192.00000000000003 627 192.00000000000003 627 261.0000000000001 666 261.0000000000001 0 0
861 142.0000000000001 822 142.0000000000001 822 196.0000000000001 861 196.0000000000001 0 0
708 270.0000000000001 654 270.0000000000001 654 357.0000000000001 708 357.0000000000001 0 0
674 350.0000000000001 628 350.0000000000001 628 448.0000000000001 674 448.0000000000001 0 0
468.0000000000001 511 418.0000000000001 511 418.0000000000001 619 468.0000000000001 619 0 0
269.00000000000006 412 216.00000000000006 412 216.00000000000006 512 269.0000000000001 512 0 0
941 223.0000000000001 901 223.0000000000001 901 293.0000000000001 941 293.0000000000001 0 0
1147 227.0000000000001 1107 227.0000000000001 1107 297.0000000000001 1147 297.0000000000001 0 0
946 341.0000000000001 897 341.0000000000001 897 427.00000000000006 946 427.00000000000006 0 0
885 297.0000000000001 836 297.0000000000001 836 384.00000000000006 885 384.00000000000006 1 0
784 174.0000000000001 763 174.0000000000001 763 189.0000000000001 784 189.0000000000001 2 0