1132 115.00000000000016 1093 115.00000000000016 1093 202.0000000000001 1132 202.0000000000001 0 0
632 101.00000000000009 582 101.00000000000009 582 164.00000000000006 632 164.00000000000006 0 0
739 237.00000000000009 693 237.00000000000003 693 330.0000000000001 739 330.0000000000001 0 0
858 422.0000000000001 792 422.0000000000001 792 517 858 517 0 0
910 441.0000000000001 847 441.0000000000001 847 530 910 530 0 0
416 323 359 323 359 430 416 430 0 0
260.0000000000001 534 214.00000000000006 534 214.00000000000006 652 260.0000000000001 652 0 0
357 177.00000000000006 310 177.00000000000006 310 260 357 260 0 0
322 11.000000000000037 288 11.000000000000036 288 73.00000000000003 322 73.00000000000003 0 0
506 173.00000000000006 468 173.00000000000006 468 250.00000000000006 506 250.00000000000006 0 0
97.00000000000003 214 49.00000000000003 214 49.00000000000004 308 97.00000000000003 308 0 0
101.00000000000001 101 60.000000000000014 101 60.000000000000014 178 101.00000000000003 178 0 0
48.000000000000014 101 6.000000000000012 101 6.000000000000016 172 48.000000000000014 172 0 0
252.00000000000006 284 193.00000000000006 284 193.00000000000006 381 252.00000000000006 381 1 0
1171 479.0000000000001 1143 479.0000000000001 1143 505.0000000000001 1171 505.0000000000001 2 0