313.0000000000001 607 261.0000000000001 607 261.0000000000001 711 313.0000000000001 711 0 0
520 577 469.0000000000001 577 469.0000000000001 684 520 684 0 0
753 518 701 518 701 621 753 621 0 0
1052 454.00000000000017 1007 454.00000000000017 1007 546.0000000000002 1052 546.0000000000002 0 0
1020 204.0000000000001 981 204.0000000000001 981 265.0000000000001 1020 265.0000000000001 0 0
1004 325.0000000000001 957 325.0000000000001 957 409.00000000000017 1004 409.00000000000017 0 0
927 353.0000000000001 884 353.0000000000001 884 444.0000000000001 927 444.0000000000001 0 0
712 366.0000000000001 666 366.0000000000001 666 451.00000000000006 712 451.00000000000006 0 0
858 285.0000000000001 815 285.0000000000001 815 360.00000000000006 858 360.00000000000006 0 0
812 242.0000000000001 777 242.0000000000001 777 298.0000000000001 812 298.0000000000001 0 0
648 267.0000000000001 599 267.0000000000001 599 328.0000000000001 648 328.0000000000001 0 0
562 255.00000000000006 523 255.00000000000006 523 321.0000000000001 562 321.0000000000001 0 0
495 220.00000000000006 459 220.00000000000006 459 288.00000000000006 495 288.0000000000001 0 0
298 339 248.00000000000006 339 248.00000000000006 413.99999999999994 298 413.99999999999994 1 0
484 268.0000000000001 469 268.0000000000001 469 282.0000000000001 484 282.0000000000001 2 0