341 232.00000000000006 291 232.00000000000006 291 314 341 314 0 0
380 316 335 316 335 412 380 412 0 0
324.00000000000006 406 281 406 281.00000000000006 509.00000000000006 324.0000000000001 509.00000000000006 0 0
361.0000000000001 429 316 429 316.00000000000006 531 361.0000000000001 531 0 0
594 559 546 559 546 670 594 670 0 0
896 156.0000000000001 854 156.0000000000001 854 222.00000000000014 896 222.00000000000014 0 0
1003 256.0000000000001 961 256.0000000000001 961 326.0000000000001 1003 326.0000000000001 0 0
1053 257.0000000000001 1017 257.0000000000001 1017 331.0000000000001 1053 331.0000000000001 0 0
1059 353.0000000000001 1013 353.0000000000001 1013 457.0000000000001 1059 457.0000000000001 0 0
770 338.0000000000001 731 338.0000000000001 731 435.0000000000001 770 435.0000000000001 0 0
724 275.0000000000001 683 275.0000000000001 683 361.00000000000006 724 361.00000000000006 0 0
586 207.00000000000006 546 207.00000000000006 546 277.0000000000001 586 277.0000000000001 0 0
564 190.00000000000006 540 190.00000000000006 540 228.00000000000006 564 228.00000000000006 0 0
914 313.0000000000001 872 313.0000000000001 872 407.00000000000017 914 407.00000000000017 1 0
591 132.00000000000006 572 132.00000000000006 572 151.00000000000006 591 151.00000000000006 2 0