201.00000000000006 367 136.00000000000006 367 136.00000000000006 477 201.00000000000006 477 0 0
330 290 268 290 268 411 330 411 0 0
547 317.0000000000001 503 317.0000000000001 503 413.0000000000001 547 413.0000000000001 0 0
763 331.0000000000001 702 331.0000000000001 702 440.0000000000001 763 440.0000000000001 0 0
474 234.00000000000006 433 234.00000000000006 433 332.00000000000006 474 332.0000000000001 0 0
516 260.0000000000001 474 260.0000000000001 474 355.0000000000001 516 355.0000000000001 0 0
700 223.00000000000009 651 223.00000000000006 651 324.0000000000001 700 324.0000000000001 0 0
671 198.00000000000006 618 198.00000000000006 618 303.0000000000001 671 303.0000000000001 0 0
717 206.00000000000006 683 206.00000000000006 683 309.0000000000001 717 309.0000000000001 0 0
1125 251.0000000000001 1065 251.0000000000001 1065 363.00000000000017 1125 363.00000000000017 0 0
1100 244.00000000000014 1056 244.00000000000014 1056 352.0000000000001 1100 352.0000000000001 0 0
439 325 408 325 408 359 439 359 2 0