784 345.0000000000001 728 345.0000000000001 728 464.0000000000001 784 464.0000000000001 0 0
965 268.0000000000001 919 268.0000000000001 919 375.0000000000001 965 375.0000000000001 0 0
1077 225.0000000000001 1009 225.0000000000001 1009 340.0000000000001 1077 340.0000000000001 0 0
470.00000000000006 360.00000000000006 423 360 423.00000000000006 476.00000000000006 470.0000000000001 476.00000000000017 0 0
424.00000000000006 413 363 413 363.00000000000006 534 424.0000000000001 534 0 0
514 200.00000000000006 465 200.00000000000006 465 299.0000000000001 514 299.0000000000001 0 0
512 287.00000000000006 455 287 455 387.00000000000006 512 387.00000000000017 0 0
617 245.00000000000006 571 245.00000000000006 571 346.0000000000001 617 346.0000000000001 0 0
643 264.0000000000001 597 264.0000000000001 597 357.0000000000001 643 357.0000000000001 0 0
794 215.0000000000001 740 215.0000000000001 740 318.0000000000001 794 318.0000000000001 0 0
1226 387.00000000000017 1161 387.00000000000017 1161 517.0000000000002 1226 517.0000000000002 1 0
428.0000000000001 489 403.0000000000001 489 403.0000000000001 516 428.0000000000001 516 2 0