231.00000000000006 236 162.00000000000006 236 162.00000000000006 322 231.00000000000006 322 0 0
600 330.0000000000001 521 330.0000000000001 521 409.00000000000017 600 409.00000000000017 0 0
276.00000000000006 454 220.00000000000006 454 220.00000000000006 566 276.0000000000001 566 0 0
754 389.0000000000001 688 389.0000000000001 688 505.0000000000001 754 505.0000000000001 0 0
719 287.0000000000001 660 287.0000000000001 660 387.00000000000017 719 387.00000000000017 0 0
918 272.0000000000001 860 272.0000000000001 860 354.0000000000001 918 354.0000000000001 0 0
943 363.00000000000017 884 363.00000000000017 884 456.0000000000001 943 456.0000000000001 0 0
1005 218.0000000000001 955 218.0000000000001 955 290.0000000000001 1005 290.0000000000001 0 0
1060 258.0000000000001 998 258.0000000000001 998 355.0000000000001 1060 355.0000000000001 0 0
1241 259.0000000000001 1173 259.0000000000001 1173 358.0000000000001 1241 358.0000000000001 0 0
985 344.0000000000001 937 344.0000000000001 937 447.0000000000001 985 447.0000000000001 0 0
623 446.0000000000001 593 446.0000000000001 593 470.0000000000001 623 470.0000000000001 2 0